128 0.9050480769230769 0.41346153846153844 0.0829326923076923 0.1346153846153846
55 0.6550480769230769 0.41346153846153844 0.09134615384615384 0.1310096153846154
59 0.4206730769230769 0.41466346153846156 0.07692307692307693 0.12740384615384615
32 0.22355769230769232 0.41947115384615385 0.08413461538461539 0.11057692307692307
171 0.052884615384615384 0.6165865384615384 0.08413461538461539 0.12740384615384615
141 0.9170673076923077 0.7560096153846154 0.09375 0.12980769230769232
176 0.2247596153846154 0.7584134615384616 0.0625 0.1045673076923077
102 0.6911057692307693 0.7584134615384616 0.07091346153846154 0.11057692307692307
3 0.41225961538461536 0.7608173076923077 0.0733173076923077 0.109375
137 0.4206730769230769 0.14543269230769232 0.0829326923076923 0.12860576923076922
163 0.5685096153846154 0.1466346153846154 0.055288461538461536 0.10697115384615384
171 0.051682692307692304 0.2127403846153846 0.08774038461538461 0.13581730769230768