132 0.040865384615384616 0.13942307692307693 0.06490384615384616 0.07211538461538461
132 0.5288461538461539 0.140625 0.0673076923076923 0.06971153846153846
3 0.7512019230769231 0.16105769230769232 0.08533653846153846 0.0889423076923077
3 0.26802884615384615 0.16706730769230768 0.08653846153846154 0.09375
123 0.5901442307692307 0.24759615384615385 0.04326923076923077 0.046875
123 0.8028846153846154 0.24759615384615385 0.038461538461538464 0.04447115384615385
123 0.10697115384615384 0.24879807692307693 0.046875 0.04447115384615385
123 0.32211538461538464 0.25 0.046875 0.039663461538461536
102 0.8689903846153846 0.3858173076923077 0.09254807692307693 0.11057692307692307
102 0.16105769230769232 0.3870192307692308 0.10096153846153846 0.10576923076923077
102 0.6418269230769231 0.3870192307692308 0.10096153846153846 0.10576923076923077
102 0.38341346153846156 0.390625 0.09014423076923077 0.1045673076923077
32 0.890625 0.042067307692307696 0.0889423076923077 0.08413461538461539
136 0.5 0.04326923076923077 0.09615384615384616 0.08653846153846154
102 0.6490384615384616 0.5901442307692307 0.1045673076923077 0.1201923076923077
102 0.16466346153846154 0.5949519230769231 0.10336538461538461 0.11298076923076923
102 0.8569711538461539 0.5997596153846154 0.10336538461538461 0.11538461538461539
102 0.37740384615384615 0.6045673076923077 0.09975961538461539 0.10096153846153846
53 0.4182692307692308 0.78125 0.08774038461538461 0.09134615384615384
53 0.5697115384615384 0.7836538461538461 0.08533653846153846 0.09375
83 0.9170673076923077 0.7896634615384616 0.078125 0.0985576923076923
127 0.8293269230769231 0.7896634615384616 0.08413461538461539 0.09615384615384616
127 0.06971153846153846 0.7908653846153846 0.09375 0.09495192307692307
83 0.18509615384615385 0.7944711538461539 0.08653846153846154 0.09735576923076923
137 0.7536057692307693 0.8557692307692307 0.078125 0.08052884615384616
137 0.26322115384615385 0.8581730769230769 0.07572115384615384 0.078125
98 0.07451923076923077 0.9002403846153846 0.09975961538461539 0.09615384615384616
98 0.921875 0.90625 0.0889423076923077 0.09615384615384616