137 0.2824519230769231 0.20072115384615385 0.08173076923076923 0.13581730769230768
137 0.49038461538461536 0.20072115384615385 0.04447115384615385 0.09375
180 0.1971153846153846 0.03245192307692308 0.038461538461538464 0.06129807692307692
179 0.9194711538461539 0.36899038461538464 0.07692307692307693 0.14783653846153846
74 0.6286057692307693 0.37740384615384615 0.08413461538461539 0.13942307692307693
160 0.8269230769230769 0.3786057692307692 0.06129807692307692 0.11658653846153846
171 0.056490384615384616 0.38461538461538464 0.06129807692307692 0.10576923076923077
160 0.8305288461538461 0.5997596153846154 0.0625 0.10817307692307693
59 0.2764423076923077 0.6045673076923077 0.08173076923076923 0.14903846153846154
74 0.6310096153846154 0.6069711538461539 0.07932692307692307 0.13822115384615385
160 0.8293269230769231 0.8040865384615384 0.06129807692307692 0.109375
74 0.6274038461538461 0.8088942307692307 0.0829326923076923 0.13942307692307693