102 0.9170673076923077 0.31009615384615385 0.06610576923076923 0.14302884615384615
180 0.15264423076923078 0.03245192307692308 0.051682692307692304 0.06370192307692307
137 0.8016826923076923 0.3137019230769231 0.06610576923076923 0.14903846153846154
102 0.5673076923076923 0.3317307692307692 0.07211538461538461 0.14302884615384615
3 0.3918269230769231 0.3425480769230769 0.08173076923076923 0.17067307692307693
137 0.22115384615384615 0.35096153846153844 0.06850961538461539 0.140625
37 0.22235576923076922 0.7740384615384616 0.08173076923076923 0.17067307692307693
160 0.5012019230769231 0.7752403846153846 0.06610576923076923 0.14543269230769232
102 0.34615384615384615 0.7776442307692307 0.0673076923076923 0.1502403846153846
102 0.8028846153846154 0.7848557692307693 0.06610576923076923 0.1502403846153846
3 0.6370192307692307 0.7872596153846154 0.08413461538461539 0.18269230769230768
137 0.9206730769230769 0.7872596153846154 0.0673076923076923 0.140625