171 0.038461538461538464 0.5096153846153846 0.07211538461538461 0.15985576923076922
136 0.14783653846153846 0.5108173076923077 0.07211538461538461 0.13942307692307693
3 0.3137019230769231 0.15144230769230768 0.06129807692307692 0.11298076923076923
102 0.4074519230769231 0.14903846153846154 0.06009615384615385 0.10216346153846154
53 0.4098557692307692 0.31850961538461536 0.054086538461538464 0.09975961538461539
53 0.40865384615384615 0.6682692307692307 0.06129807692307692 0.11298076923076923
102 0.40625 0.8461538461538461 0.055288461538461536 0.10576923076923077
3 0.3125 0.8497596153846154 0.06009615384615385 0.11298076923076923
136 0.5913461538461539 0.4987980769230769 0.07692307692307693 0.14423076923076922
1 0.7223557692307693 0.17067307692307693 0.057692307692307696 0.10096153846153846
3 0.7211538461538461 0.33653846153846156 0.054086538461538464 0.1045673076923077
1 0.7259615384615384 0.640625 0.05889423076923077 0.11057692307692307
3 0.7211538461538461 0.8149038461538461 0.054086538461538464 0.1045673076923077
55 0.8317307692307693 0.6430288461538461 0.054086538461538464 0.10576923076923077
55 0.8317307692307693 0.1778846153846154 0.051682692307692304 0.1045673076923077
102 0.8329326923076923 0.33653846153846156 0.052884615384615384 0.10576923076923077
102 0.8317307692307693 0.8161057692307693 0.057692307692307696 0.11177884615384616
128 0.9447115384615384 0.17668269230769232 0.051682692307692304 0.10336538461538461
53 0.9411057692307693 0.33533653846153844 0.055288461538461536 0.11298076923076923
128 0.9423076923076923 0.640625 0.052884615384615384 0.09495192307692307
53 0.9399038461538461 0.8137019230769231 0.057692307692307696 0.11538461538461539