132 0.021634615384615384 0.040865384615384616 0.04326923076923077 0.08173076923076923
28 0.08533653846153846 0.18990384615384615 0.05889423076923077 0.12139423076923077
75 0.6117788461538461 0.1201923076923077 0.06370192307692307 0.1310096153846154
64 0.38221153846153844 0.5276442307692307 0.055288461538461536 0.12259615384615384
55 0.3798076923076923 0.7115384615384616 0.054086538461538464 0.11298076923076923
55 0.4951923076923077 0.7091346153846154 0.06009615384615385 0.12379807692307693
36 0.7896634615384616 0.3894230769230769 0.057692307692307696 0.12740384615384615
48 0.8449519230769231 0.5745192307692307 0.05048076923076923 0.09975961538461539
102 0.8497596153846154 0.8016826923076923 0.0625 0.1045673076923077
95 0.09375 0.6310096153846154 0.08533653846153846 0.12139423076923077
1 0.22956730769230768 0.6286057692307693 0.06370192307692307 0.12740384615384615
14 0.7331730769230769 0.24158653846153846 0.040865384615384616 0.07932692307692307