180 0.08173076923076923 0.037259615384615384 0.036057692307692304 0.06610576923076923
137 0.14903846153846154 0.19110576923076922 0.038461538461538464 0.07451923076923077
177 0.028846153846153848 0.5132211538461539 0.04326923076923077 0.08052884615384616
55 0.359375 0.22115384615384615 0.039663461538461536 0.0733173076923077
88 0.27283653846153844 0.15264423076923078 0.04326923076923077 0.04927884615384615
102 0.27283653846153844 0.24639423076923078 0.040865384615384616 0.07932692307692307
3 0.3137019230769231 0.3641826923076923 0.04326923076923077 0.07451923076923077
3 0.33653846153846156 0.7247596153846154 0.04326923076923077 0.07211538461538461
3 0.5612980769230769 0.6201923076923077 0.04447115384615385 0.07932692307692307
3 0.5612980769230769 0.36538461538461536 0.04447115384615385 0.0733173076923077
137 0.2127403846153846 0.8581730769230769 0.039663461538461536 0.07211538461538461
102 0.33533653846153844 0.8629807692307693 0.046875 0.07932692307692307
145 0.5612980769230769 0.8521634615384616 0.042067307692307696 0.07692307692307693
160 0.5612980769230769 0.11538461538461539 0.04326923076923077 0.07572115384615384
142 0.6646634615384616 0.36538461538461536 0.04326923076923077 0.07572115384615384
102 0.6646634615384616 0.5120192307692307 0.04326923076923077 0.07572115384615384
102 0.8004807692307693 0.33413461538461536 0.04447115384615385 0.07451923076923077
57 0.8004807692307693 0.19471153846153846 0.040865384615384616 0.07932692307692307
62 0.8016826923076923 0.46033653846153844 0.042067307692307696 0.06971153846153846
28 0.9362980769230769 0.27403846153846156 0.04326923076923077 0.07451923076923077
28 0.921875 0.7439903846153846 0.04447115384615385 0.078125
141 0.8028846153846154 0.7463942307692307 0.04447115384615385 0.07572115384615384
102 0.8016826923076923 0.8653846153846154 0.04326923076923077 0.06610576923076923
102 0.9230769230769231 0.8653846153846154 0.040865384615384616 0.07091346153846154