137 0.04807692307692308 0.4074519230769231 0.057692307692307696 0.140625
137 0.19951923076923078 0.40625 0.056490384615384616 0.14302884615384615
137 0.5072115384615384 0.4014423076923077 0.055288461538461536 0.12980769230769232
137 0.78125 0.40384615384615385 0.056490384615384616 0.13822115384615385
102 0.3329326923076923 0.6141826923076923 0.056490384615384616 0.13221153846153846
38 0.33052884615384615 0.16947115384615385 0.056490384615384616 0.13942307692307693
128 0.23798076923076922 0.8449519230769231 0.05889423076923077 0.13822115384615385
131 0.33052884615384615 0.8461538461538461 0.06009615384615385 0.14182692307692307
53 0.41466346153846156 0.8461538461538461 0.05889423076923077 0.13581730769230768
84 0.6237980769230769 0.4050480769230769 0.055288461538461536 0.13701923076923078
106 0.12740384615384615 0.4098557692307692 0.06129807692307692 0.14543269230769232
144 0.6995192307692307 0.39783653846153844 0.055288461538461536 0.13221153846153846
10 0.33052884615384615 0.43028846153846156 0.06009615384615385 0.13942307692307693
144 0.8641826923076923 0.40384615384615385 0.054086538461538464 0.13341346153846154
116 0.9411057692307693 0.390625 0.046875 0.13822115384615385
53 0.10096153846153846 0.8557692307692307 0.04807692307692308 0.1201923076923077
53 0.16466346153846154 0.8533653846153846 0.04927884615384615 0.109375