0 0.2848557692307692 0.14783653846153846 0.07692307692307693 0.12620192307692307
124 0.6646634615384616 0.14783653846153846 0.07451923076923077 0.1141826923076923
85 0.47596153846153844 0.1502403846153846 0.07692307692307693 0.11778846153846154
128 0.8569711538461539 0.47475961538461536 0.0733173076923077 0.11899038461538461
59 0.438525 0.5322060480769231 0.5117178581730769 0.5322060480769231 0.5117178581730769 0.4193057115384615 0.438525 0.4193057115384615 0.438525 0.5322060480769231
58 0.6658653846153846 0.47596153846153844 0.07572115384615384 0.1201923076923077
135 0.2848557692307692 0.47716346153846156 0.07692307692307693 0.11899038461538461
180 0.20192307692307693 0.04927884615384615 0.025240384615384616 0.039663461538461536
52 0.8701923076923077 0.8161057692307693 0.078125 0.0889423076923077
81 0.6646634615384616 0.8329326923076923 0.08173076923076923 0.13221153846153846
126 0.47596153846153844 0.8341346153846154 0.08173076923076923 0.13221153846153846