55 0.2764423076923077 0.2091346153846154 0.12740384615384615 0.11538461538461539
136 0.6996495721153846 0.2691712211538462 0.7960427355769231 0.2691712211538462 0.7960427355769231 0.1672950817307692 0.6996495721153846 0.1672950817307692 0.6996495721153846 0.2691712211538462
95 0.9387019230769231 0.22235576923076922 0.0985576923076923 0.11778846153846154
139 0.2644230769230769 0.35096153846153844 0.06850961538461539 0.08774038461538461
139 0.1935096153846154 0.35216346153846156 0.06971153846153846 0.08173076923076923
139 0.3389423076923077 0.35336538461538464 0.07572115384615384 0.08533653846153846
59 0.6213942307692307 0.38341346153846156 0.08653846153846154 0.10697115384615384
32 0.7512019230769231 0.38341346153846156 0.11899038461538461 0.12860576923076922
12 0.49278846153846156 0.3858173076923077 0.12980769230769232 0.12259615384615384
139 0.33774038461538464 0.4375 0.06971153846153846 0.07572115384615384
139 0.19230769230769232 0.4387019230769231 0.07211538461538461 0.07692307692307693
139 0.265625 0.43990384615384615 0.07091346153846154 0.07932692307692307
139 0.1935096153846154 0.5228365384615384 0.07692307692307693 0.08413461538461539
139 0.2668269230769231 0.5240384615384616 0.08052884615384616 0.09014423076923077
62 0.8173076923076923 0.5588942307692307 0.08774038461538461 0.07451923076923077
137 0.7043269230769231 0.5588942307692307 0.0733173076923077 0.07091346153846154
180 0.9314903846153846 0.06850961538461539 0.11057692307692307 0.10697115384615384
102 0.453125 0.7283653846153846 0.07572115384615384 0.06610576923076923
105 0.7848557692307693 0.7307692307692307 0.07091346153846154 0.07932692307692307
160 0.5552884615384616 0.734375 0.07451923076923077 0.06971153846153846
65 0.32091346153846156 0.7355769230769231 0.09254807692307693 0.08052884615384616
26 0.1778846153846154 0.7367788461538461 0.09975961538461539 0.09375
181 0.6670673076923077 0.7391826923076923 0.08052884615384616 0.09134615384615384
95 0.4879807692307692 0.9050480769230769 0.09735576923076923 0.09014423076923077
3 0.7848557692307693 0.9098557692307693 0.09375 0.09975961538461539