102 0.39302884615384615 0.1346153846153846 0.039663461538461536 0.07091346153846154
53 0.24639423076923078 0.13581730769230768 0.046875 0.07932692307692307
102 0.5420673076923077 0.1466346153846154 0.038461538461538464 0.07211538461538461
137 0.921875 0.14903846153846154 0.04447115384615385 0.0829326923076923
10 0.6346153846153846 0.14903846153846154 0.046875 0.08413461538461539
19 0.8269230769230769 0.14903846153846154 0.04326923076923077 0.07692307692307693
137 0.7319711538461539 0.1502403846153846 0.04567307692307692 0.078125
37 0.2439903846153846 0.2764423076923077 0.046875 0.078125
180 0.09735576923076923 0.03365384615384615 0.03125 0.052884615384615384
123 0.5252403846153846 0.34615384615384615 0.026442307692307692 0.054086538461538464
137 0.8725961538461539 0.3762019230769231 0.040865384615384616 0.07572115384615384
113 0.6995192307692307 0.4579326923076923 0.040865384615384616 0.07692307692307693
102 0.5949519230769231 0.4579326923076923 0.036057692307692304 0.0673076923076923
9 0.43028846153846156 0.46875 0.04447115384615385 0.0829326923076923
171 0.03245192307692308 0.4699519230769231 0.042067307692307696 0.08413461538461539
3 0.35697115384615385 0.47115384615384615 0.04447115384615385 0.08173076923076923
32 0.14423076923076922 0.47475961538461536 0.046875 0.08052884615384616
137 0.24639423076923078 0.47475961538461536 0.04567307692307692 0.08052884615384616
36 0.8725961538461539 0.546875 0.042067307692307696 0.07572115384615384
65 0.6983173076923077 0.5889423076923077 0.04326923076923077 0.07932692307692307
102 0.5925480769230769 0.5913461538461539 0.038461538461538464 0.06610576923076923
3 0.39783653846153844 0.6442307692307693 0.04447115384615385 0.08413461538461539
33 0.8737980769230769 0.7091346153846154 0.04447115384615385 0.08052884615384616
6 0.15745192307692307 0.7704326923076923 0.04567307692307692 0.08413461538461539
137 0.26322115384615385 0.7728365384615384 0.04567307692307692 0.08052884615384616
139 0.39903846153846156 0.7728365384615384 0.046875 0.08173076923076923
64 0.6478365384615384 0.7920673076923077 0.04567307692307692 0.0829326923076923
63 0.71875 0.8569711538461539 0.046875 0.08653846153846154
74 0.5721153846153846 0.8569711538461539 0.046875 0.0829326923076923
90 0.8713942307692307 0.8581730769230769 0.039663461538461536 0.06610576923076923
39 0.39783653846153844 0.9038461538461539 0.04447115384615385 0.0829326923076923