171 0.9591346153846154 0.23798076923076922 0.08173076923076923 0.13942307692307693
102 0.20072115384615385 0.28125 0.09735576923076923 0.1502403846153846
3 0.34975961538461536 0.28125 0.10336538461538461 0.18269230769230768
53 0.056490384615384616 0.28365384615384615 0.10096153846153846 0.1658653846153846
32 0.7151442307692307 0.3473557692307692 0.08173076923076923 0.12139423076923077
29 0.23317307692307693 0.6442307692307693 0.078125 0.11298076923076923
87 0.33413461538461536 0.6478365384615384 0.051682692307692304 0.13581730769230768
141 0.6766826923076923 0.6478365384615384 0.07692307692307693 0.12139423076923077
142 0.7836538461538461 0.6490384615384616 0.08413461538461539 0.11778846153846154
136 0.5564903846153846 0.6502403846153846 0.0829326923076923 0.125
137 0.43509615384615385 0.6502403846153846 0.09134615384615384 0.13701923076923078
81 0.0829326923076923 0.828125 0.08173076923076923 0.11899038461538461
36 0.20793269230769232 0.8293269230769231 0.09254807692307693 0.11778846153846154
28 0.31971153846153844 0.8341346153846154 0.08173076923076923 0.11658653846153846
37 0.5132211538461539 0.171875 0.09375 0.13581730769230768