59 0.3858173076923077 0.23677884615384615 0.039663461538461536 0.06971153846153846
59 0.3894230769230769 0.5973557692307693 0.042067307692307696 0.0733173076923077
176 0.25961538461538464 0.41586538461538464 0.042067307692307696 0.07451923076923077
176 0.5132211538461539 0.41586538461538464 0.04326923076923077 0.07451923076923077
55 0.26802884615384615 0.7836538461538461 0.04326923076923077 0.0733173076923077
55 0.5144230769230769 0.7788461538461539 0.042067307692307696 0.07572115384615384
12 0.390625 0.7608173076923077 0.04447115384615385 0.0733173076923077
123 0.21394230769230768 0.3125 0.03245192307692308 0.05048076923076923
123 0.21754807692307693 0.6850961538461539 0.030048076923076924 0.06370192307692307
96 0.7379807692307693 0.5829326923076923 0.040865384615384616 0.078125
123 0.21754807692307693 0.9411057692307693 0.027644230769230768 0.056490384615384616
95 0.9098557692307693 0.5612980769230769 0.11298076923076923 0.125