100 0.5168269230769231 0.22235576923076922 0.08533653846153846 0.1346153846153846
102 0.65625 0.22355769230769232 0.08413461538461539 0.13581730769230768
3 0.26322115384615385 0.22355769230769232 0.08173076923076923 0.12860576923076922
102 0.375 0.22355769230769232 0.08173076923076923 0.12860576923076922
141 0.8221153846153846 0.2247596153846154 0.0985576923076923 0.13341346153846154
137 0.5 0.4182692307692308 0.08173076923076923 0.09975961538461539
62 0.7247596153846154 0.4375 0.078125 0.09134615384615384
68 0.8461538461538461 0.7043269230769231 0.11298076923076923 0.12740384615384615
102 0.6850961538461539 0.71875 0.0889423076923077 0.1310096153846154
141 0.5240384615384616 0.7199519230769231 0.09975961538461539 0.13701923076923078
102 0.3473557692307692 0.7199519230769231 0.09014423076923077 0.1201923076923077
87 0.9026442307692307 0.11057692307692307 0.04927884615384615 0.08533653846153846