132 0.018028846153846152 0.15625 0.028846153846153848 0.04927884615384615
180 0.018028846153846152 0.037259615384615384 0.028846153846153848 0.05048076923076923
55 0.10216346153846154 0.25 0.03245192307692308 0.055288461538461536
55 0.10216346153846154 0.4411057692307692 0.036057692307692304 0.057692307692307696
55 0.3485576923076923 0.2644230769230769 0.03125 0.055288461538461536
55 0.35216346153846156 0.4519230769230769 0.03365384615384615 0.051682692307692304
55 0.5697115384615384 0.25841346153846156 0.030048076923076924 0.055288461538461536
55 0.5721153846153846 0.4495192307692308 0.03125 0.055288461538461536
55 0.5709134615384616 0.6899038461538461 0.03125 0.054086538461538464
55 0.34975961538461536 0.6923076923076923 0.03365384615384615 0.054086538461538464
55 0.10336538461538461 0.6766826923076923 0.03365384615384615 0.05889423076923077
132 0.019230769230769232 0.5793269230769231 0.026442307692307692 0.04567307692307692
123 0.1971153846153846 0.2247596153846154 0.02403846153846154 0.037259615384615384
123 0.30649038461538464 0.22235576923076922 0.02283653846153846 0.037259615384615384
123 0.41346153846153844 0.22235576923076922 0.02403846153846154 0.040865384615384616
123 0.5240384615384616 0.22115384615384615 0.02403846153846154 0.042067307692307696
123 0.5276442307692307 0.4110576923076923 0.021634615384615384 0.040865384615384616
123 0.4182692307692308 0.41225961538461536 0.021634615384615384 0.038461538461538464
123 0.31009615384615385 0.41346153846153844 0.02283653846153846 0.040865384615384616
123 0.19951923076923078 0.41225961538461536 0.025240384615384616 0.039663461538461536
104 0.23918269230769232 0.2668269230769231 0.03365384615384615 0.05889423076923077
104 0.24278846153846154 0.4495192307692308 0.03245192307692308 0.056490384615384616
128 0.45552884615384615 0.25961538461538464 0.03125 0.052884615384615384
128 0.45913461538461536 0.4495192307692308 0.030048076923076924 0.052884615384615384
104 0.24158653846153846 0.6959134615384616 0.03485576923076923 0.055288461538461536
128 0.4567307692307692 0.6911057692307693 0.03125 0.04807692307692308
55 0.10216346153846154 0.8701923076923077 0.037259615384615384 0.05889423076923077
123 0.20072115384615385 0.8413461538461539 0.026442307692307692 0.039663461538461536
123 0.31009615384615385 0.8425480769230769 0.02283653846153846 0.042067307692307696
123 0.4182692307692308 0.8389423076923077 0.02403846153846154 0.04567307692307692
123 0.5288461538461539 0.8389423076923077 0.02403846153846154 0.04447115384615385
55 0.5733173076923077 0.8762019230769231 0.03245192307692308 0.054086538461538464
128 0.46153846153846156 0.8786057692307693 0.03485576923076923 0.052884615384615384
55 0.35336538461538464 0.8798076923076923 0.03125 0.056490384615384616
104 0.24519230769230768 0.8822115384615384 0.03245192307692308 0.055288461538461536
123 0.1971153846153846 0.6538461538461539 0.02283653846153846 0.038461538461538464
123 0.30649038461538464 0.6538461538461539 0.025240384615384616 0.037259615384615384
123 0.41466346153846156 0.6514423076923077 0.027644230769230768 0.04326923076923077
123 0.5252403846153846 0.6514423076923077 0.025240384615384616 0.04447115384615385
173 0.6778846153846154 0.8016826923076923 0.037259615384615384 0.056490384615384616
173 0.6766826923076923 0.37259615384615385 0.03365384615384615 0.0625
50 0.7307692307692307 0.5552884615384616 0.030048076923076924 0.051682692307692304