171 0.06490384615384616 0.18509615384615385 0.07572115384615384 0.1346153846153846
95 0.10336538461538461 0.3473557692307692 0.09014423076923077 0.09975961538461539
59 0.21033653846153846 0.34975961538461536 0.051682692307692304 0.09134615384615384
136 0.21033653846153846 0.2283653846153846 0.06850961538461539 0.13822115384615385
180 0.21033653846153846 0.056490384615384616 0.078125 0.09254807692307693
55 0.41225961538461536 0.23197115384615385 0.06971153846153846 0.12740384615384615
53 0.6814903846153846 0.16947115384615385 0.05048076923076923 0.09975961538461539
137 0.6778846153846154 0.4579326923076923 0.06850961538461539 0.12139423076923077
28 0.38100961538461536 0.5721153846153846 0.07451923076923077 0.13942307692307693
140 0.3798076923076923 0.78125 0.07572115384615384 0.10216346153846154
142 0.46274038461538464 0.78125 0.06370192307692307 0.1346153846153846
59 0.6105769230769231 0.765625 0.04927884615384615 0.09014423076923077
146 0.8533653846153846 0.47716346153846156 0.0673076923076923 0.1310096153846154
55 0.8533653846153846 0.7764423076923077 0.07692307692307693 0.13341346153846154
55 0.6802884615384616 0.7776442307692307 0.06850961538461539 0.12379807692307693