53 0.8305288461538461 0.3389423076923077 0.07932692307692307 0.17307692307692307
102 0.44350961538461536 0.3737980769230769 0.07211538461538461 0.15144230769230768
102 0.6778846153846154 0.38461538461538464 0.07572115384615384 0.15504807692307693
3 0.28365384615384615 0.3894230769230769 0.07692307692307693 0.15264423076923078
88 0.5540865384615384 0.5264423076923077 0.0625 0.140625
137 0.8245192307692307 0.6033653846153846 0.06370192307692307 0.140625
137 0.6766826923076923 0.6129807692307693 0.078125 0.16706730769230768
37 0.28966346153846156 0.6574519230769231 0.06971153846153846 0.14903846153846154
179 0.43990384615384615 0.7584134615384616 0.08052884615384616 0.1778846153846154
27 0.625 0.7980769230769231 0.07211538461538461 0.14903846153846154
180 0.27283653846153844 0.12740384615384615 0.056490384615384616 0.14182692307692307