64 0.640625 0.33413461538461536 0.0625 0.09615384615384616
55 0.7680288461538461 0.33774038461538464 0.0673076923076923 0.12139423076923077
32 0.3485576923076923 0.3389423076923077 0.07451923076923077 0.12860576923076922
95 0.19591346153846154 0.34375 0.07451923076923077 0.0889423076923077
137 0.5036057692307693 0.35096153846153844 0.07932692307692307 0.125
62 0.9146634615384616 0.42427884615384615 0.06370192307692307 0.13221153846153846
180 0.6454326923076923 0.052884615384615384 0.07932692307692307 0.1045673076923077
87 0.7175480769230769 0.5288461538461539 0.037259615384615384 0.08533653846153846
102 0.7740384615384616 0.5649038461538461 0.03245192307692308 0.056490384615384616
102 0.6418269230769231 0.5673076923076923 0.06490384615384616 0.12139423076923077
3 0.5012019230769231 0.5733173076923077 0.06370192307692307 0.11057692307692307
102 0.7908653846153846 0.5985576923076923 0.028846153846153848 0.051682692307692304
53 0.9158653846153846 0.6466346153846154 0.06850961538461539 0.12379807692307693
28 0.5024038461538461 0.796875 0.07932692307692307 0.13221153846153846
104 0.9158653846153846 0.8605769230769231 0.07451923076923077 0.12379807692307693
37 0.49399038461538464 0.11057692307692307 0.06370192307692307 0.11177884615384616
100 0.9146634615384616 0.21033653846153846 0.07091346153846154 0.12259615384615384
177 0.039663461538461536 0.34615384615384615 0.07091346153846154 0.12980769230769232