109 0.07692307692307693 0.24759615384615385 0.0625 0.140625
102 0.7235576923076923 0.27283653846153844 0.052884615384615384 0.109375
53 0.4891826923076923 0.3004807692307692 0.0625 0.12620192307692307
178 0.07572115384615384 0.5036057692307693 0.09495192307692307 0.140625
95 0.26322115384615385 0.5060096153846154 0.08533653846153846 0.10216346153846154
69 0.7776442307692307 0.5060096153846154 0.056490384615384616 0.11899038461538461
55 0.7199519230769231 0.5060096153846154 0.05048076923076923 0.11538461538461539
32 0.390625 0.5084134615384616 0.06370192307692307 0.14543269230769232
3 0.49158653846153844 0.5108173076923077 0.06610576923076923 0.12860576923076922
28 0.49158653846153844 0.71875 0.07211538461538461 0.13341346153846154
95 0.8858173076923077 0.7223557692307693 0.0985576923076923 0.11899038461538461