137 0.054086538461538464 0.1502403846153846 0.06370192307692307 0.15985576923076922
137 0.054086538461538464 0.49759615384615385 0.07091346153846154 0.15384615384615385
155 0.22235576923076922 0.21875 0.06610576923076923 0.15625
155 0.3701923076923077 0.21995192307692307 0.06490384615384616 0.15384615384615385
66 0.4639423076923077 0.22355769230769232 0.06490384615384616 0.14783653846153846
155 0.6141826923076923 0.21875 0.06490384615384616 0.16346153846153846
102 0.2127403846153846 0.7091346153846154 0.06610576923076923 0.1466346153846154
53 0.34975961538461536 0.7091346153846154 0.0673076923076923 0.15144230769230768
28 0.49278846153846156 0.7103365384615384 0.06850961538461539 0.15985576923076922
141 0.6310096153846154 0.7067307692307693 0.07211538461538461 0.15865384615384615
66 0.8112980769230769 0.16947115384615385 0.06850961538461539 0.15625
137 0.8088942307692307 0.4963942307692308 0.0673076923076923 0.15144230769230768
142 0.8125 0.7824519230769231 0.07091346153846154 0.15264423076923078
32 0.953125 0.3329326923076923 0.0673076923076923 0.15504807692307693