37 0.6983173076923077 0.9014423076923077 0.11658653846153846 0.1310096153846154
28 0.8810096153846154 0.10096153846153846 0.06129807692307692 0.0673076923076923
178 0.49399038461538464 0.12860576923076922 0.06490384615384616 0.07572115384615384
137 0.23677884615384615 0.13701923076923078 0.06490384615384616 0.07211538461538461
102 0.9567307692307693 0.23197115384615385 0.0625 0.07091346153846154
102 0.8798076923076923 0.23197115384615385 0.0625 0.06850961538461539
102 0.6995192307692307 0.23317307692307693 0.06009615384615385 0.07091346153846154
102 0.6274038461538461 0.234375 0.06009615384615385 0.07211538461538461
102 0.23557692307692307 0.29086538461538464 0.06370192307692307 0.07091346153846154
102 0.14903846153846154 0.29086538461538464 0.06370192307692307 0.07091346153846154
102 0.32211538461538464 0.29447115384615385 0.0625 0.07091346153846154
53 0.9158653846153846 0.46153846153846156 0.11538461538461539 0.12980769230769232
3 0.46153846153846156 0.5997596153846154 0.11177884615384616 0.125
32 0.22355769230769232 0.5997596153846154 0.11538461538461539 0.12860576923076922
102 0.6995192307692307 0.6021634615384616 0.1141826923076923 0.12620192307692307
177 0.03485576923076923 0.6081730769230769 0.06850961538461539 0.08413461538461539
53 0.9170673076923077 0.7283653846153846 0.1141826923076923 0.12980769230769232