123 0.44591346153846156 0.21514423076923078 0.019230769230769232 0.0625
123 0.3557692307692308 0.22235576923076922 0.020432692307692308 0.057692307692307696
57 0.2783365576923077 0.43783433173076924 0.3287169567307692 0.43783433173076924 0.3287169567307692 0.2636427139423077 0.2783365576923077 0.2636427139423077 0.2783365576923077 0.43783433173076924
59 0.42427884615384615 0.35216346153846156 0.05048076923076923 0.171875
176 0.1346153846153846 0.3545673076923077 0.054086538461538464 0.16706730769230768
50 0.6454326923076923 0.3557692307692308 0.054086538461538464 0.16947115384615385
3 0.2127403846153846 0.35697115384615385 0.052884615384615384 0.16706730769230768
180 0.08533653846153846 0.04447115384615385 0.020432692307692308 0.06009615384615385
27 0.5168269230769231 0.7536057692307693 0.05048076923076923 0.16105769230769232
179 0.28365384615384615 0.7548076923076923 0.04927884615384615 0.15985576923076922
28 0.4387019230769231 0.7560096153846154 0.052884615384615384 0.1658653846153846
86 0.3629807692307692 0.7584134615384616 0.04927884615384615 0.16105769230769232
132 0.10576923076923077 0.0985576923076923 0.019230769230769232 0.06009615384615385
171 0.03125 0.3545673076923077 0.052884615384615384 0.18509615384615385