180 0.021634615384615384 0.039663461538461536 0.04326923076923077 0.07932692307692307
171 0.06009615384615385 0.26802884615384615 0.039663461538461536 0.07932692307692307
88 0.07572115384615384 0.48197115384615385 0.04807692307692308 0.0673076923076923
28 0.25240384615384615 0.38341346153846156 0.0733173076923077 0.12860576923076922
137 0.5036057692307693 0.3786057692307692 0.06610576923076923 0.12379807692307693
29 0.6862980769230769 0.38221153846153844 0.0673076923076923 0.11899038461538461
33 0.42427884615384615 0.7331730769230769 0.09975961538461539 0.17548076923076922
35 0.5889423076923077 0.7295673076923077 0.0985576923076923 0.18389423076923078
139 0.7199519230769231 0.7740384615384616 0.039663461538461536 0.07932692307692307
87 0.08774038461538461 0.6802884615384616 0.04567307692307692 0.09375
87 0.7932692307692307 0.46033653846153844 0.042067307692307696 0.078125
36 0.1466346153846154 0.6021634615384616 0.037259615384615384 0.07091346153846154
34 0.23076923076923078 0.7331730769230769 0.09615384615384616 0.17427884615384615
139 0.890625 0.5420673076923077 0.039663461538461536 0.07692307692307693
28 0.890625 0.7908653846153846 0.0673076923076923 0.12379807692307693
163 0.41346153846153844 0.3076923076923077 0.036057692307692304 0.0829326923076923
163 0.3173076923076923 0.6887019230769231 0.03245192307692308 0.07932692307692307
163 0.5012019230769231 0.6850961538461539 0.036057692307692304 0.07692307692307693
163 0.65625 0.6887019230769231 0.03365384615384615 0.08052884615384616