29 0.9182692307692307 0.14423076923076922 0.06490384615384616 0.07692307692307693
102 0.5168269230769231 0.20072115384615385 0.057692307692307696 0.06971153846153846
138 0.9170673076923077 0.24278846153846154 0.052884615384615384 0.0673076923076923
102 0.2704326923076923 0.32091346153846156 0.052884615384615384 0.06490384615384616
180 0.027644230769230768 0.03365384615384615 0.054086538461538464 0.06610576923076923
179 0.9170673076923077 0.3485576923076923 0.05889423076923077 0.078125
28 0.9170673076923077 0.040865384615384616 0.056490384615384616 0.06971153846153846
53 0.5180288461538461 0.4230769230769231 0.054086538461538464 0.0733173076923077
102 0.2704326923076923 0.4326923076923077 0.052884615384615384 0.06971153846153846
102 0.7367788461538461 0.4338942307692308 0.054086538461538464 0.07091346153846154
3 0.07451923076923077 0.43509615384615385 0.06009615384615385 0.07572115384615384
102 0.27163461538461536 0.5733173076923077 0.054086538461538464 0.07572115384615384
102 0.2704326923076923 0.6742788461538461 0.052884615384615384 0.06971153846153846
31 0.7379807692307693 0.7596153846153846 0.06129807692307692 0.07932692307692307
102 0.2704326923076923 0.7764423076923077 0.052884615384615384 0.06971153846153846
37 0.06490384615384616 0.8786057692307693 0.06009615384615385 0.078125
119 0.390625 0.9206730769230769 0.06129807692307692 0.078125
102 0.2764423076923077 0.09254807692307693 0.04807692307692308 0.0673076923076923
137 0.7391826923076923 0.09615384615384616 0.05889423076923077 0.078125