102 0.40865384615384615 0.13822115384615385 0.07932692307692307 0.09254807692307693
87 0.8401442307692307 0.15384615384615385 0.07211538461538461 0.0673076923076923
139 0.9134615384615384 0.33774038461538464 0.06370192307692307 0.09975961538461539
139 0.7524038461538461 0.33774038461538464 0.07091346153846154 0.09615384615384616
139 0.8341346153846154 0.34134615384615385 0.0673076923076923 0.09615384615384616
171 0.06610576923076923 0.3425480769230769 0.07692307692307693 0.09735576923076923
3 0.4050480769230769 0.3425480769230769 0.06610576923076923 0.09134615384615384
102 0.40625 0.5360576923076923 0.07692307692307693 0.0829326923076923
36 0.25600961538461536 0.6189903846153846 0.0673076923076923 0.11177884615384616
81 0.09254807692307693 0.6201923076923077 0.08173076923076923 0.1141826923076923
102 0.5865384615384616 0.8557692307692307 0.078125 0.10336538461538461
28 0.4050480769230769 0.859375 0.0673076923076923 0.08774038461538461