177 0.08413461538461539 0.296875 0.08173076923076923 0.10576923076923077
180 0.4074519230769231 0.040865384615384616 0.028846153846153848 0.04326923076923077
89 0.4651442307692308 0.5661057692307693 0.08173076923076923 0.11298076923076923
100 0.4651442307692308 0.8088942307692307 0.08173076923076923 0.11899038461538461
137 0.5841346153846154 0.8810096153846154 0.0889423076923077 0.12139423076923077
102 0.7908653846153846 0.28725961538461536 0.06971153846153846 0.10096153846153846
102 0.59375 0.453125 0.06971153846153846 0.09375
102 0.671875 0.45072115384615385 0.0673076923076923 0.09975961538461539
102 0.75 0.453125 0.07091346153846154 0.09615384615384616
141 0.8894230769230769 0.46033653846153844 0.08052884615384616 0.11057692307692307
3 0.6033653846153846 0.28125 0.08052884615384616 0.11298076923076923
53 0.7920673076923077 0.11538461538461539 0.08413461538461539 0.12740384615384615
55 0.08052884615384616 0.5865384615384616 0.06129807692307692 0.09014423076923077
31 0.8894230769230769 0.8004807692307693 0.0733173076923077 0.10576923076923077