180 0.0829326923076923 0.11538461538461539 0.02403846153846154 0.04807692307692308
58 0.5733173076923077 0.14302884615384615 0.04807692307692308 0.09134615384615384
136 0.9170673076923077 0.14543269230769232 0.052884615384615384 0.10216346153846154
22 0.9230769230769231 0.3076923076923077 0.04807692307692308 0.09375
125 0.8269230769230769 0.3112980769230769 0.02283653846153846 0.04447115384615385
125 0.15264423076923078 0.3112980769230769 0.02283653846153846 0.042067307692307696
1 0.48677884615384615 0.35336538461538464 0.039663461538461536 0.06009615384615385
112 0.18870192307692307 0.3918269230769231 0.039663461538461536 0.06610576923076923
112 0.7956730769230769 0.3942307692307692 0.037259615384615384 0.0625
171 0.4891826923076923 0.04807692307692308 0.15384615384615385 0.09495192307692307
123 0.15384615384615385 0.5480769230769231 0.020432692307692308 0.039663461538461536
123 0.828125 0.5504807692307693 0.02283653846153846 0.04326923076923077
55 0.6789163197115384 0.5905389230769231 0.7024870072115385 0.5905389230769231 0.7024870072115385 0.5460479038461539 0.6789163197115384 0.5460479038461539 0.6789163197115384 0.5905389230769231
55 0.29086538461538464 0.5697115384615384 0.025240384615384616 0.04447115384615385
68 0.9254807692307693 0.6370192307692307 0.051682692307692304 0.09495192307692307
42 0.6069711538461539 0.6370192307692307 0.04447115384615385 0.06370192307692307
42 0.36538461538461536 0.6394230769230769 0.04807692307692308 0.06370192307692307
128 0.20072115384615385 0.7908653846153846 0.05048076923076923 0.09375
128 0.7896634615384616 0.7992788461538461 0.04807692307692308 0.09375
42 0.36538461538461536 0.8233173076923077 0.04807692307692308 0.06370192307692307
42 0.6081730769230769 0.8245192307692307 0.046875 0.06129807692307692
140 0.9266826923076923 0.8413461538461539 0.04927884615384615 0.09615384615384616