32 0.07211538461538461 0.171875 0.0733173076923077 0.12139423076923077
90 0.4230769230769231 0.17548076923076922 0.052884615384615384 0.09375
33 0.7211538461538461 0.1778846153846154 0.07211538461538461 0.12259615384615384
137 0.6009615384615384 0.18028846153846154 0.0673076923076923 0.11658653846153846
137 0.4182692307692308 0.48197115384615385 0.0673076923076923 0.11057692307692307
3 0.06370192307692307 0.5456730769230769 0.06610576923076923 0.11538461538461539
102 0.18629807692307693 0.5516826923076923 0.06850961538461539 0.12259615384615384
63 0.9302884615384616 0.59375 0.07211538461538461 0.11899038461538461
74 0.7439903846153846 0.671875 0.06850961538461539 0.12139423076923077
53 0.421875 0.6766826923076923 0.0673076923076923 0.12259615384615384
102 0.5408653846153846 0.6790865384615384 0.0673076923076923 0.11658653846153846
28 0.9314903846153846 0.7704326923076923 0.06850961538461539 0.12139423076923077
37 0.05889423076923077 0.7860576923076923 0.07211538461538461 0.11538461538461539
87 0.18629807692307693 0.7872596153846154 0.06490384615384616 0.1141826923076923
142 0.4230769230769231 0.8798076923076923 0.0673076923076923 0.11177884615384616
36 0.5432692307692307 0.09975961538461539 0.03485576923076923 0.06370192307692307
137 0.19471153846153846 0.1658653846153846 0.07211538461538461 0.12379807692307693