180 0.1778846153846154 0.014423076923076924 0.028846153846153848 0.028846153846153848
3 0.23677884615384615 0.2932692307692308 0.08413461538461539 0.09254807692307693
38 0.9254807692307693 0.3233173076923077 0.06129807692307692 0.0673076923076923
102 0.5300480769230769 0.328125 0.05048076923076923 0.06490384615384616
53 0.34615384615384615 0.5504807692307693 0.08173076923076923 0.10336538461538461
168 0.9242788461538461 0.5540865384615384 0.0625 0.0733173076923077
102 0.5276442307692307 0.5552884615384616 0.054086538461538464 0.07091346153846154
120 0.9242788461538461 0.7103365384615384 0.06009615384615385 0.06610576923076923
102 0.5336538461538461 0.7139423076923077 0.06009615384615385 0.07692307692307693
171 0.037259615384615384 0.7908653846153846 0.07451923076923077 0.08533653846153846
102 0.43990384615384615 0.08653846153846154 0.07091346153846154 0.08413461538461539
142 0.23197115384615385 0.0889423076923077 0.08173076923076923 0.0889423076923077
141 0.7331730769230769 0.8822115384615384 0.057692307692307696 0.06971153846153846
171 0.042067307692307696 0.296875 0.06850961538461539 0.08533653846153846