171 0.040865384615384616 0.057692307692307696 0.07451923076923077 0.11177884615384616
141 0.3245192307692308 0.054086538461538464 0.06129807692307692 0.0889423076923077
31 0.5 0.051682692307692304 0.078125 0.10216346153846154
28 0.6286057692307693 0.05048076923076923 0.07572115384615384 0.10096153846153846
158 0.7295673076923077 0.055288461538461536 0.08413461538461539 0.109375
36 0.23317307692307693 0.22235576923076922 0.0733173076923077 0.10336538461538461
171 0.042067307692307696 0.3557692307692308 0.08052884615384616 0.12139423076923077
34 0.30528846153846156 0.359375 0.07091346153846154 0.10096153846153846
33 0.4014423076923077 0.35697115384615385 0.07211538461538461 0.10336538461538461
33 0.4951923076923077 0.359375 0.06971153846153846 0.10096153846153846
33 0.5829326923076923 0.359375 0.0733173076923077 0.09975961538461539
33 0.671875 0.35697115384615385 0.07211538461538461 0.10576923076923077
33 0.7644230769230769 0.35697115384615385 0.07091346153846154 0.10216346153846154
58 0.9350961538461539 0.16947115384615385 0.07451923076923077 0.10576923076923077
58 0.9387019230769231 0.359375 0.078125 0.11057692307692307
63 0.9350961538461539 0.6346153846153846 0.07451923076923077 0.10697115384615384
147 0.9314903846153846 0.8713942307692307 0.06850961538461539 0.10096153846153846
102 0.6430288461538461 0.8701923076923077 0.07211538461538461 0.10576923076923077
137 0.28846153846153844 0.875 0.07932692307692307 0.109375
88 0.055288461538461536 0.7439903846153846 0.056490384615384616 0.04927884615384615
27 0.054086538461538464 0.8413461538461539 0.054086538461538464 0.07692307692307693
39 0.055288461538461536 0.9447115384615384 0.04807692307692308 0.0673076923076923