171 0.07451923076923077 0.23798076923076922 0.0673076923076923 0.109375
136 0.24158653846153846 0.2692307692307692 0.07091346153846154 0.13822115384615385
59 0.3605769230769231 0.2692307692307692 0.08653846153846154 0.15625
137 0.7487980769230769 0.4074519230769231 0.11057692307692307 0.17668269230769232
148 0.3329326923076923 0.5216346153846154 0.06490384615384616 0.13701923076923078
148 0.6971153846153846 0.6045673076923077 0.06850961538461539 0.140625
32 0.59375 0.6105769230769231 0.0733173076923077 0.1310096153846154
148 0.8737980769230769 0.6322115384615384 0.06850961538461539 0.140625
171 0.46033653846153844 0.8341346153846154 0.06129807692307692 0.10697115384615384
53 0.7487980769230769 0.16706730769230768 0.0889423076923077 0.14783653846153846
55 0.5300480769230769 0.22596153846153846 0.09735576923076923 0.15865384615384615