180 0.015625 0.019230769230769232 0.027644230769230768 0.037259615384615384
87 0.11298076923076923 0.13701923076923078 0.052884615384615384 0.055288461538461536
125 0.06009615384615385 0.23798076923076922 0.02403846153846154 0.04326923076923077
125 0.29086538461538464 0.23677884615384615 0.028846153846153848 0.042067307692307696
125 0.5721153846153846 0.23557692307692307 0.025240384615384616 0.039663461538461536
96 0.2608173076923077 0.09134615384615384 0.04326923076923077 0.07091346153846154
1 0.2608173076923077 0.18870192307692307 0.040865384615384616 0.06129807692307692
64 0.06971153846153846 0.2920673076923077 0.027644230769230768 0.04326923076923077
74 0.24879807692307693 0.33413461538461536 0.03125 0.040865384615384616
28 0.12620192307692307 0.3713942307692308 0.05889423076923077 0.07091346153846154
31 0.36177884615384615 0.38221153846153844 0.054086538461538464 0.07692307692307693
55 0.24278846153846154 0.43028846153846156 0.03485576923076923 0.06850961538461539
180 0.5264423076923077 0.018028846153846152 0.027644230769230768 0.036057692307692304
87 0.6213942307692307 0.13341346153846154 0.055288461538461536 0.06370192307692307
96 0.7716346153846154 0.09014423076923077 0.04807692307692308 0.07451923076923077
1 0.7704326923076923 0.18509615384615385 0.04447115384615385 0.0625
64 0.5793269230769231 0.28966346153846156 0.025240384615384616 0.04326923076923077
28 0.6334134615384616 0.3641826923076923 0.055288461538461536 0.07091346153846154
31 0.8725961538461539 0.375 0.056490384615384616 0.08413461538461539
74 0.7596153846153846 0.3293269230769231 0.030048076923076924 0.04326923076923077
55 0.7536057692307693 0.4254807692307692 0.03485576923076923 0.06971153846153846
125 0.8016826923076923 0.23317307692307693 0.02403846153846154 0.042067307692307696
171 0.026442307692307692 0.8221153846153846 0.051682692307692304 0.08413461538461539
81 0.13221153846153846 0.8209134615384616 0.06370192307692307 0.09375
17 0.24879807692307693 0.8221153846153846 0.06850961538461539 0.109375
14 0.5360576923076923 0.8233173076923077 0.07451923076923077 0.1141826923076923
14 0.8485576923076923 0.8245192307692307 0.07211538461538461 0.11538461538461539
45 0.6911057692307693 0.8233173076923077 0.07091346153846154 0.11177884615384616
45 0.390625 0.8233173076923077 0.06850961538461539 0.10576923076923077