125 0.3233173076923077 0.18028846153846154 0.04927884615384615 0.06009615384615385
125 0.14903846153846154 0.18269230769230768 0.046875 0.051682692307692304
125 0.5516826923076923 0.18269230769230768 0.04326923076923077 0.06009615384615385
125 0.7788461538461539 0.18389423076923078 0.046875 0.057692307692307696
55 0.17908653846153846 0.2956730769230769 0.0889423076923077 0.10216346153846154
59 0.5877403846153846 0.2980769230769231 0.08653846153846154 0.11057692307692307
114 0.3605769230769231 0.29927884615384615 0.0829326923076923 0.0985576923076923
55 0.8173076923076923 0.29927884615384615 0.0829326923076923 0.0985576923076923
57 0.5911090913461539 0.5980324399038461 0.6513393942307691 0.5980324399038461 0.6513393942307691 0.5232087451923078 0.5911090913461539 0.5232087451923078 0.5911090913461539 0.5980324399038461
180 0.09735576923076923 0.0625 0.08052884615384616 0.06610576923076923
102 0.8149038461538461 0.6526442307692307 0.08413461538461539 0.09735576923076923
3 0.36778846153846156 0.7247596153846154 0.10697115384615384 0.12860576923076922
102 0.8617788461538461 0.7548076923076923 0.08774038461538461 0.0889423076923077
102 0.7728365384615384 0.8125 0.07932692307692307 0.09615384615384616