180 0.11778846153846154 0.10576923076923077 0.06610576923076923 0.08774038461538461
95 0.4387019230769231 0.09735576923076923 0.06490384615384616 0.10216346153846154
112 0.7271634615384616 0.3701923076923077 0.055288461538461536 0.09014423076923077
95 0.9098557692307693 0.3076923076923077 0.06370192307692307 0.078125
177 0.9122596153846154 0.46875 0.06971153846153846 0.09975961538461539
112 0.16947115384615385 0.3713942307692308 0.06610576923076923 0.10096153846153846
59 0.4387019230769231 0.30649038461538464 0.06971153846153846 0.10096153846153846
55 0.6322115384615384 0.6442307692307693 0.06370192307692307 0.09014423076923077
55 0.24519230769230768 0.6502403846153846 0.0625 0.08413461538461539
125 0.12620192307692307 0.2764423076923077 0.038461538461538464 0.06610576923076923
125 0.125 0.5324519230769231 0.036057692307692304 0.06009615384615385
125 0.4855769230769231 0.2668269230769231 0.03485576923076923 0.06370192307692307
125 0.4855769230769231 0.5276442307692307 0.030048076923076924 0.055288461538461536