42 0.6322115384615384 0.27884615384615385 0.09495192307692307 0.12379807692307693
74 0.7295673076923077 0.28966346153846156 0.06490384615384616 0.140625
109 0.04326923076923077 0.37740384615384615 0.056490384615384616 0.17548076923076922
62 0.8942307692307693 0.4423076923076923 0.06610576923076923 0.140625
59 0.27283653846153844 0.46033653846153844 0.07692307692307693 0.15865384615384615
42 0.6358173076923077 0.5588942307692307 0.08413461538461539 0.1201923076923077
74 0.7331730769230769 0.5649038461538461 0.07932692307692307 0.15144230769230768
177 0.042067307692307696 0.5709134615384616 0.0829326923076923 0.13221153846153846
53 0.8918269230769231 0.6442307692307693 0.07451923076923077 0.14302884615384615
87 0.6814903846153846 0.8798076923076923 0.054086538461538464 0.11538461538461539
28 0.5697115384615384 0.8822115384615384 0.0625 0.11899038461538461
63 0.47115384615384615 0.8834134615384616 0.057692307692307696 0.1201923076923077
64 0.5492788461538461 0.13341346153846154 0.037259615384615384 0.08173076923076923
123 0.5841346153846154 0.16947115384615385 0.025240384615384616 0.04567307692307692
180 0.18990384615384615 0.02403846153846154 0.025240384615384616 0.04807692307692308
128 0.890625 0.2247596153846154 0.0673076923076923 0.13701923076923078