59 0.71875 0.31490384615384615 0.0625 0.11899038461538461
59 0.2644230769230769 0.31490384615384615 0.06009615384615385 0.11177884615384616
13 0.26322115384615385 0.43509615384615385 0.026442307692307692 0.054086538461538464
13 0.7199519230769231 0.4375 0.027644230769230768 0.04807692307692308
55 0.17307692307692307 0.44350961538461536 0.04447115384615385 0.08173076923076923
55 0.6286057692307693 0.44711538461538464 0.037259615384615384 0.08052884615384616
55 0.35216346153846156 0.45072115384615385 0.046875 0.0889423076923077
55 0.8076923076923077 0.453125 0.046875 0.07692307692307693
180 0.03485576923076923 0.054086538461538464 0.028846153846153848 0.05889423076923077
13 0.26322115384615385 0.5865384615384616 0.028846153846153848 0.05048076923076923
13 0.71875 0.5877403846153846 0.025240384615384616 0.04927884615384615
55 0.35216346153846156 0.5985576923076923 0.042067307692307696 0.07932692307692307
55 0.8076923076923077 0.5985576923076923 0.046875 0.07932692307692307
55 0.6310096153846154 0.5997596153846154 0.04807692307692308 0.08533653846153846
55 0.171875 0.6009615384615384 0.039663461538461536 0.08052884615384616
137 0.7175480769230769 0.7307692307692307 0.04567307692307692 0.10697115384615384
136 0.4807692307692308 0.09495192307692307 0.06370192307692307 0.11298076923076923
132 0.042067307692307696 0.17427884615384615 0.03245192307692308 0.06850961538461539
132 0.49759615384615385 0.17668269230769232 0.027644230769230768 0.051682692307692304
128 0.6310096153846154 0.7427884615384616 0.04447115384615385 0.07932692307692307
128 0.35336538461538464 0.7427884615384616 0.04447115384615385 0.08052884615384616
128 0.17307692307692307 0.7451923076923077 0.04447115384615385 0.07932692307692307