102 0.42427884615384615 0.19110576923076922 0.07572115384615384 0.17548076923076922
171 0.04567307692307692 0.19110576923076922 0.052884615384615384 0.12259615384615384
53 0.5637019230769231 0.19471153846153846 0.07091346153846154 0.16826923076923078
3 0.22235576923076922 0.2127403846153846 0.078125 0.171875
102 0.42427884615384615 0.4987980769230769 0.0673076923076923 0.15745192307692307
53 0.5637019230769231 0.5 0.07091346153846154 0.17307692307692307
180 0.15745192307692307 0.057692307692307696 0.04567307692307692 0.1045673076923077
142 0.7199519230769231 0.7067307692307693 0.04326923076923077 0.0985576923076923
102 0.4230769230769231 0.7980769230769231 0.06971153846153846 0.15865384615384615
53 0.5625 0.8004807692307693 0.07451923076923077 0.16826923076923078
154 0.1045673076923077 0.8233173076923077 0.04326923076923077 0.10336538461538461
29 0.04807692307692308 0.8521634615384616 0.06850961538461539 0.16826923076923078
3 0.23798076923076922 0.890625 0.04807692307692308 0.10576923076923077
102 0.28846153846153844 0.8918269230769231 0.040865384615384616 0.09495192307692307
71 0.8161057692307693 0.09495192307692307 0.04567307692307692 0.1141826923076923