180 0.6177884615384616 0.3954326923076923 0.021634615384615384 0.06490384615384616
180 0.2704326923076923 0.042067307692307696 0.02403846153846154 0.07091346153846154
180 0.5516826923076923 0.042067307692307696 0.021634615384615384 0.0673076923076923
180 0.17908653846153846 0.4795673076923077 0.02283653846153846 0.06129807692307692
87 0.859375 0.5072115384615384 0.04326923076923077 0.1201923076923077
137 0.7403846153846154 0.5072115384615384 0.04567307692307692 0.1201923076923077
28 0.8004807692307693 0.5084134615384616 0.046875 0.12259615384615384
179 0.9158653846153846 0.5096153846153846 0.046875 0.12379807692307693
137 0.36899038461538464 0.5432692307692307 0.04447115384615385 0.11778846153846154
87 0.5072115384615384 0.5456730769230769 0.04447115384615385 0.12259615384615384
22 0.43990384615384615 0.5456730769230769 0.046875 0.12980769230769232
3 0.20673076923076922 0.5793269230769231 0.028846153846153848 0.07451923076923077
3 0.2536057692307692 0.6826923076923077 0.027644230769230768 0.07692307692307693
180 0.6189903846153846 0.7163461538461539 0.02283653846153846 0.06850961538461539
37 0.5072115384615384 0.7283653846153846 0.04927884615384615 0.125
28 0.4387019230769231 0.7295673076923077 0.04326923076923077 0.12740384615384615
179 0.36778846153846156 0.7331730769230769 0.046875 0.11658653846153846
3 0.2536057692307692 0.7740384615384616 0.028846153846153848 0.07451923076923077
179 0.9158653846153846 0.8269230769230769 0.04447115384615385 0.125
87 0.859375 0.8269230769230769 0.04326923076923077 0.1201923076923077
137 0.7391826923076923 0.8269230769230769 0.04326923076923077 0.1201923076923077
28 0.8016826923076923 0.8305288461538461 0.04567307692307692 0.12139423076923077
87 0.4266826923076923 0.17067307692307693 0.040865384615384616 0.109375
149 0.2980769230769231 0.171875 0.04326923076923077 0.12379807692307693
28 0.6394230769230769 0.171875 0.04447115384615385 0.12980769230769232
136 0.3629807692307692 0.171875 0.04326923076923077 0.11899038461538461
87 0.6971153846153846 0.171875 0.040865384615384616 0.11899038461538461
137 0.5769230769230769 0.17307692307692307 0.04326923076923077 0.11538461538461539