32 0.3233173076923077 0.16105769230769232 0.040865384615384616 0.06610576923076923
3 0.36538461538461536 0.3076923076923077 0.040865384615384616 0.0673076923076923
102 0.7548076923076923 0.3088942307692308 0.040865384615384616 0.06971153846153846
3 0.8689903846153846 0.3088942307692308 0.042067307692307696 0.06971153846153846
102 0.2512019230769231 0.31009615384615385 0.042067307692307696 0.0673076923076923
96 0.16947115384615385 0.31009615384615385 0.04447115384615385 0.07211538461538461
96 0.671875 0.3112980769230769 0.04326923076923077 0.07451923076923077
171 0.5408653846153846 0.03485576923076923 0.04927884615384615 0.06971153846153846
125 0.5576923076923077 0.453125 0.03125 0.04927884615384615
125 0.8125 0.4543269230769231 0.026442307692307692 0.04326923076923077
125 0.054086538461538464 0.4543269230769231 0.03245192307692308 0.046875
125 0.30649038461538464 0.4543269230769231 0.030048076923076924 0.04447115384615385
1 0.7536057692307693 0.4543269230769231 0.046875 0.07211538461538461
1 0.25240384615384615 0.4579326923076923 0.04927884615384615 0.07091346153846154
112 0.11298076923076923 0.4963942307692308 0.04567307692307692 0.07211538461538461
112 0.8689903846153846 0.49759615384615385 0.04447115384615385 0.0673076923076923
112 0.6165865384615384 0.4987980769230769 0.04326923076923077 0.06850961538461539
112 0.36538461538461536 0.5 0.04326923076923077 0.06490384615384616
123 0.30649038461538464 0.6033653846153846 0.028846153846153848 0.046875
123 0.5564903846153846 0.6045673076923077 0.027644230769230768 0.04447115384615385
123 0.8112980769230769 0.6057692307692307 0.030048076923076924 0.038461538461538464
123 0.052884615384615384 0.6057692307692307 0.027644230769230768 0.04447115384615385
64 0.04199492307692308 0.683312201923077 0.08257360336538462 0.683312201923077 0.08257360336538462 0.627052298076923 0.04199492307692308 0.627052298076923 0.04199492307692308 0.683312201923077
64 0.5445329951923077 0.6843660865384616 0.5872639591346154 0.6843660865384616 0.5872639591346154 0.6286291610576923 0.5445329951923077 0.6286291610576923 0.5445329951923077 0.6843660865384616
137 0.31490384615384615 0.8701923076923077 0.052884615384615384 0.08413461538461539
28 0.17307692307692307 0.8713942307692307 0.05048076923076923 0.08533653846153846
28 0.6766826923076923 0.8713942307692307 0.04807692307692308 0.07692307692307693
27 0.7548076923076923 0.8725961538461539 0.055288461538461536 0.07692307692307693
65 0.5889423076923077 0.8737980769230769 0.0625 0.07572115384615384
137 0.8197115384615384 0.8737980769230769 0.055288461538461536 0.07572115384615384
27 0.25240384615384615 0.875 0.052884615384615384 0.07692307692307693
65 0.08413461538461539 0.8786057692307693 0.055288461538461536 0.07211538461538461
180 0.014423076923076924 0.11538461538461539 0.027644230769230768 0.04447115384615385
136 0.23197115384615385 0.15745192307692307 0.039663461538461536 0.0673076923076923