166 0.20192307692307693 0.18870192307692307 0.06971153846153846 0.12740384615384615
28 0.8846153846153846 0.19110576923076922 0.0733173076923077 0.13221153846153846
74 0.5492788461538461 0.19230769230769232 0.07451923076923077 0.13341346153846154
104 0.7512019230769231 0.19591346153846154 0.07572115384615384 0.13341346153846154
137 0.3870192307692308 0.1971153846153846 0.078125 0.13581730769230768
141 0.8846153846153846 0.3954326923076923 0.07091346153846154 0.13221153846153846
74 0.4879807692307692 0.41947115384615385 0.07451923076923077 0.125
74 0.27884615384615385 0.48677884615384615 0.06850961538461539 0.11899038461538461
102 0.8930288461538461 0.6009615384615384 0.078125 0.12980769230769232
74 0.4495192307692308 0.6274038461538461 0.0733173076923077 0.1310096153846154
104 0.23197115384615385 0.6310096153846154 0.0733173076923077 0.1310096153846154
64 0.7536057692307693 0.8329326923076923 0.07211538461538461 0.13341346153846154
3 0.46153846153846156 0.8341346153846154 0.07932692307692307 0.1310096153846154
59 0.6069711538461539 0.8341346153846154 0.07932692307692307 0.13942307692307693
74 0.23677884615384615 0.8365384615384616 0.07451923076923077 0.12980769230769232
128 0.8990384615384616 0.8413461538461539 0.07572115384615384 0.13341346153846154
177 0.0625 0.6706730769230769 0.04807692307692308 0.09014423076923077
180 0.15625 0.06971153846153846 0.03245192307692308 0.06009615384615385