180 0.014423076923076924 0.10817307692307693 0.027644230769230768 0.02403846153846154
32 0.5 0.1502403846153846 0.08533653846153846 0.07932692307692307
125 0.07211538461538461 0.2932692307692308 0.028846153846153848 0.027644230769230768
125 0.44591346153846156 0.2932692307692308 0.03245192307692308 0.026442307692307692
95 0.5 0.03365384615384615 0.10096153846153846 0.0673076923076923
137 0.8665865384615384 0.3581730769230769 0.09014423076923077 0.08173076923076923
59 0.37359743028846154 0.3991015625 0.4535974302884615 0.3991015625 0.4535974302884615 0.32009765625000003 0.37359743028846154 0.32009765625000003 0.37359743028846154 0.3991015625
123 0.07211538461538461 0.5 0.026442307692307692 0.026442307692307692
55 0.09375 0.5588942307692307 0.025240384615384616 0.026442307692307692
55 0.4723557692307692 0.5600961538461539 0.027644230769230768 0.025240384615384616
63 0.8653846153846154 0.5865384615384616 0.08173076923076923 0.078125
42 0.5096153846153846 0.6117788461538461 0.055288461538461536 0.037259615384615384
42 0.6911057692307693 0.6117788461538461 0.056490384615384616 0.037259615384615384
42 0.3125 0.6129807692307693 0.054086538461538464 0.037259615384615384
42 0.12980769230769232 0.6129807692307693 0.055288461538461536 0.03365384615384615
42 0.22235576923076922 0.6141826923076923 0.056490384615384616 0.037259615384615384
42 0.6009615384615384 0.6141826923076923 0.05889423076923077 0.03485576923076923
123 0.0733173076923077 0.7439903846153846 0.028846153846153848 0.025240384615384616
53 0.5582066370192308 0.855517576923077 0.6439346899038461 0.855517576923077 0.6439346899038461 0.7779980480769232 0.5582066370192308 0.7779980480769232 0.5582066370192308 0.855517576923077
53 0.17812098557692307 0.855517576923077 0.26222162740384614 0.855517576923077 0.26222162740384614 0.7789746105769232 0.17812098557692307 0.7789746105769232 0.17812098557692307 0.855517576923077