102 0.4963942307692308 0.18990384615384615 0.042067307692307696 0.0985576923076923
3 0.4050480769230769 0.19110576923076922 0.04447115384615385 0.10576923076923077
160 0.5853365384615384 0.1935096153846154 0.046875 0.1201923076923077
171 0.046875 0.19831730769230768 0.052884615384615384 0.11538461538461539
3 0.22115384615384615 0.21754807692307693 0.07572115384615384 0.15745192307692307
3 0.40625 0.4795673076923077 0.04447115384615385 0.1045673076923077
102 0.49759615384615385 0.4807692307692308 0.039663461538461536 0.09615384615384616
160 0.5853365384615384 0.48197115384615385 0.046875 0.1141826923076923
180 0.15745192307692307 0.06490384615384616 0.040865384615384616 0.09254807692307693
3 0.4050480769230769 0.7764423076923077 0.04447115384615385 0.10817307692307693
102 0.49399038461538464 0.7776442307692307 0.042067307692307696 0.09975961538461539
160 0.5841346153846154 0.7824519230769231 0.04447115384615385 0.10576923076923077
154 0.10336538461538461 0.828125 0.042067307692307696 0.10336538461538461
29 0.04447115384615385 0.8569711538461539 0.06971153846153846 0.1658653846153846
28 0.16466346153846154 0.9254807692307693 0.046875 0.10096153846153846