137 0.6730769230769231 0.17307692307692307 0.06490384615384616 0.10216346153846154
137 0.5132211538461539 0.17307692307692307 0.07211538461538461 0.10697115384615384
136 0.36778846153846156 0.17427884615384615 0.0673076923076923 0.10336538461538461
28 0.9278846153846154 0.17548076923076922 0.0673076923076923 0.09134615384615384
136 0.24639423076923078 0.1778846153846154 0.06610576923076923 0.0985576923076923
171 0.03485576923076923 0.296875 0.06610576923076923 0.09975961538461539
180 0.27283653846153844 0.03245192307692308 0.06490384615384616 0.06490384615384616
177 0.10216346153846154 0.3581730769230769 0.054086538461538464 0.0889423076923077
109 0.03365384615384615 0.4254807692307692 0.054086538461538464 0.11538461538461539
102 0.5216346153846154 0.4326923076923077 0.06971153846153846 0.09495192307692307
102 0.5264423076923077 0.5456730769230769 0.06370192307692307 0.09254807692307693
53 0.9278846153846154 0.6165865384615384 0.06850961538461539 0.09254807692307693
3 0.2439903846153846 0.6213942307692307 0.08173076923076923 0.0985576923076923
102 0.5252403846153846 0.6598557692307693 0.078125 0.09254807692307693
160 0.9350961538461539 0.7439903846153846 0.054086538461538464 0.07091346153846154
102 0.5228365384615384 0.7632211538461539 0.0733173076923077 0.09134615384615384
102 0.5228365384615384 0.8653846153846154 0.06370192307692307 0.09014423076923077