180 0.016826923076923076 0.11658653846153846 0.03365384615384615 0.026442307692307692
59 0.49278846153846156 0.1935096153846154 0.09975961538461539 0.08774038461538461
55 0.265625 0.3317307692307692 0.11538461538461539 0.09495192307692307
55 0.7223557692307693 0.33533653846153844 0.11899038461538461 0.09134615384615384
95 0.49759615384615385 0.037259615384615384 0.13341346153846154 0.07091346153846154
59 0.49278846153846156 0.4891826923076923 0.10216346153846154 0.08774038461538461
55 0.2668269230769231 0.6274038461538461 0.11177884615384616 0.09735576923076923
55 0.7211538461538461 0.6298076923076923 0.10697115384615384 0.09495192307692307
53 0.675703125 0.8697639495192308 0.7677864591346153 0.8697639495192308 0.7677864591346153 0.7862446346153846 0.675703125 0.7862446346153846 0.675703125 0.8697639495192308
137 0.49278846153846156 0.828125 0.10817307692307693 0.08774038461538461
53 0.2178059903846154 0.8685675961538462 0.3137044278846154 0.8685675961538462 0.3137044278846154 0.791604076923077 0.2178059903846154 0.791604076923077 0.2178059903846154 0.8685675961538462