72 0.484375 0.33653846153846156 0.037259615384615384 0.078125
36 0.7920673076923077 0.3858173076923077 0.06129807692307692 0.12980769230769232
132 0.021634615384615384 0.046875 0.04326923076923077 0.09375
55 0.46634615384615385 0.5228365384615384 0.052884615384615384 0.11538461538461539
64 0.38221153846153844 0.5228365384615384 0.06490384615384616 0.13341346153846154
55 0.5264423076923077 0.5240384615384616 0.04807692307692308 0.1310096153846154
48 0.8461538461538461 0.5733173076923077 0.051682692307692304 0.11298076923076923
1 0.22956730769230768 0.6274038461538461 0.05889423076923077 0.12860576923076922
55 0.49158653846153844 0.7079326923076923 0.07091346153846154 0.15264423076923078
55 0.38100961538461536 0.7115384615384616 0.06490384615384616 0.13942307692307693
102 0.8497596153846154 0.796875 0.04927884615384615 0.09134615384615384
75 0.6141826923076923 0.11899038461538461 0.0673076923076923 0.14302884615384615
73 0.46274038461538464 0.12139423076923077 0.054086538461538464 0.12139423076923077
134 0.3076923076923077 0.12259615384615384 0.055288461538461536 0.11899038461538461
28 0.08533653846153846 0.19110576923076922 0.0625 0.1346153846153846
14 0.7319711538461539 0.2403846153846154 0.042067307692307696 0.0829326923076923