59 0.28725961538461536 0.14783653846153846 0.055288461538461536 0.06370192307692307
102 0.6538461538461539 0.19951923076923078 0.08774038461538461 0.09495192307692307
55 0.2800480769230769 0.2980769230769231 0.08052884615384616 0.08173076923076923
55 0.4230769230769231 0.43509615384615385 0.07572115384615384 0.08173076923076923
55 0.22355769230769232 0.43149038461538464 0.08052884615384616 0.08413461538461539
55 0.10096153846153846 0.4338942307692308 0.07572115384615384 0.08173076923076923
65 0.6418269230769231 0.6334134615384616 0.06850961538461539 0.07451923076923077
53 0.2764423076923077 0.7692307692307693 0.09495192307692307 0.09375
137 0.0985576923076923 0.7620192307692307 0.08173076923076923 0.0829326923076923
141 0.6526442307692307 0.34134615384615385 0.08052884615384616 0.08533653846153846
42 0.8389423076923077 0.47716346153846156 0.08173076923076923 0.04927884615384615
42 0.8413461538461539 0.5432692307692307 0.08533653846153846 0.04807692307692308
42 0.8365384615384616 0.6129807692307693 0.09975961538461539 0.04927884615384615
42 0.8557692307692307 0.6322115384615384 0.08533653846153846 0.05048076923076923
42 0.8521634615384616 0.7620192307692307 0.09615384615384616 0.06850961538461539
42 0.8497596153846154 0.8653846153846154 0.10576923076923077 0.07091346153846154
142 0.41466346153846156 0.35096153846153844 0.04447115384615385 0.051682692307692304
128 0.10216346153846154 0.6105769230769231 0.07211538461538461 0.07572115384615384
100 0.6394230769230769 0.7836538461538461 0.10576923076923077 0.07692307692307693
130 0.46153846153846156 0.6105769230769231 0.06971153846153846 0.07451923076923077