55 0.09615384615384616 0.3581730769230769 0.028846153846153848 0.03245192307692308
55 0.09735576923076923 0.21634615384615385 0.03245192307692308 0.03245192307692308
55 0.14302884615384615 0.21514423076923078 0.03365384615384615 0.03245192307692308
55 0.2920673076923077 0.21514423076923078 0.036057692307692304 0.03485576923076923
55 0.3425480769230769 0.21514423076923078 0.03485576923076923 0.03245192307692308
96 0.23557692307692307 0.13581730769230768 0.03365384615384615 0.030048076923076924
137 0.16466346153846154 0.08533653846153846 0.028846153846153848 0.030048076923076924
112 0.09735576923076923 0.2608173076923077 0.03365384615384615 0.03245192307692308
112 0.2932692307692308 0.2620192307692308 0.03245192307692308 0.03365384615384615
128 0.09375 0.4074519230769231 0.03245192307692308 0.03125
128 0.29086538461538464 0.40625 0.027644230769230768 0.039663461538461536
55 0.29447115384615385 0.35697115384615385 0.03365384615384615 0.03245192307692308
1 0.23557692307692307 0.24158653846153846 0.028846153846153848 0.027644230769230768
1 0.23317307692307693 0.28846153846153844 0.03125 0.03125
125 0.06610576923076923 0.18629807692307693 0.025240384615384616 0.030048076923076924
125 0.2608173076923077 0.18509615384615385 0.021634615384615384 0.030048076923076924
123 0.0673076923076923 0.3269230769230769 0.026442307692307692 0.026442307692307692
123 0.2608173076923077 0.3269230769230769 0.02403846153846154 0.02403846153846154
132 0.53125 0.009615384615384616 0.019230769230769232 0.019230769230769232
132 0.009615384615384616 0.009615384615384616 0.019230769230769232 0.019230769230769232
136 0.23557692307692307 0.026442307692307692 0.03245192307692308 0.03365384615384615
132 0.009615384615384616 0.5576923076923077 0.019230769230769232 0.02283653846153846
125 0.06850961538461539 0.6862980769230769 0.02403846153846154 0.02403846153846154
96 0.23557692307692307 0.6346153846153846 0.026442307692307692 0.027644230769230768
174 0.23557692307692307 0.6911057692307693 0.026442307692307692 0.030048076923076924
1 0.23557692307692307 0.7367788461538461 0.027644230769230768 0.030048076923076924
12 0.13221153846153846 0.7151442307692307 0.02403846153846154 0.025240384615384616
12 0.3269230769230769 0.7151442307692307 0.025240384615384616 0.021634615384615384
125 0.2620192307692308 0.6862980769230769 0.021634615384615384 0.021634615384615384
123 0.0673076923076923 0.8341346153846154 0.021634615384615384 0.02283653846153846
123 0.2620192307692308 0.8329326923076923 0.021634615384615384 0.02283653846153846
128 0.29086538461538464 0.8629807692307693 0.026442307692307692 0.030048076923076924
128 0.15384615384615385 0.8629807692307693 0.025240384615384616 0.030048076923076924
128 0.09735576923076923 0.8629807692307693 0.025240384615384616 0.03245192307692308
69 0.43149038461538464 0.8064903846153846 0.027644230769230768 0.030048076923076924
132 0.53125 0.5588942307692307 0.020432692307692308 0.02283653846153846
3 0.5709134615384616 0.6141826923076923 0.030048076923076924 0.03245192307692308
3 0.6274038461538461 0.6141826923076923 0.028846153846153848 0.028846153846153848
3 0.5709134615384616 0.6682692307692307 0.028846153846153848 0.028846153846153848
3 0.6274038461538461 0.6694711538461539 0.027644230769230768 0.027644230769230768
3 0.5709134615384616 0.7235576923076923 0.025240384615384616 0.027644230769230768
102 0.6971153846153846 0.6141826923076923 0.030048076923076924 0.028846153846153848
102 0.7427884615384616 0.6153846153846154 0.030048076923076924 0.030048076923076924
102 0.7884615384615384 0.6153846153846154 0.027644230769230768 0.030048076923076924
102 0.6959134615384616 0.6694711538461539 0.030048076923076924 0.03125
102 0.7415865384615384 0.6694711538461539 0.03125 0.030048076923076924
102 0.7872596153846154 0.6694711538461539 0.03245192307692308 0.03245192307692308
102 0.6959134615384616 0.7235576923076923 0.028846153846153848 0.03125
102 0.7415865384615384 0.7247596153846154 0.03125 0.03125
102 0.7884615384615384 0.7247596153846154 0.028846153846153848 0.030048076923076924
160 0.8545673076923077 0.6141826923076923 0.030048076923076924 0.03245192307692308
160 0.9038461538461539 0.6141826923076923 0.027644230769230768 0.03245192307692308
160 0.9543269230769231 0.6141826923076923 0.030048076923076924 0.03245192307692308
160 0.8533653846153846 0.6694711538461539 0.027644230769230768 0.03245192307692308
160 0.9026442307692307 0.6682692307692307 0.03125 0.03245192307692308
160 0.953125 0.6694711538461539 0.028846153846153848 0.030048076923076924
136 0.5697115384615384 0.8377403846153846 0.03245192307692308 0.027644230769230768
137 0.7163461538461539 0.8112980769230769 0.02403846153846154 0.030048076923076924
137 0.7163461538461539 0.875 0.028846153846153848 0.03365384615384615
137 0.8137019230769231 0.8377403846153846 0.027644230769230768 0.030048076923076924
137 0.8701923076923077 0.8365384615384616 0.027644230769230768 0.03125
137 0.9242788461538461 0.8377403846153846 0.028846153846153848 0.027644230769230768
137 0.9242788461538461 0.9002403846153846 0.027644230769230768 0.028846153846153848
137 0.8689903846153846 0.9002403846153846 0.02403846153846154 0.03365384615384615
137 0.8137019230769231 0.9014423076923077 0.028846153846153848 0.03125
32 0.6442307692307693 0.8377403846153846 0.030048076923076924 0.03245192307692308
32 0.6430288461538461 0.9459134615384616 0.027644230769230768 0.030048076923076924
137 0.7175480769230769 0.9483173076923077 0.028846153846153848 0.026442307692307692
137 0.8137019230769231 0.9627403846153846 0.027644230769230768 0.03125
137 0.8701923076923077 0.9639423076923077 0.026442307692307692 0.030048076923076924
32 0.23557692307692307 0.08653846153846154 0.026442307692307692 0.027644230769230768
44 0.8305288461538461 0.03365384615384615 0.028846153846153848 0.03125
174 0.8305288461538461 0.08533653846153846 0.027644230769230768 0.030048076923076924
96 0.7572115384615384 0.13701923076923078 0.03125 0.03125
173 0.8293269230769231 0.13581730769230768 0.030048076923076924 0.03245192307692308
125 0.5889423076923077 0.1875 0.020432692307692308 0.02283653846153846
125 0.7824519230769231 0.18870192307692307 0.020432692307692308 0.02283653846153846
174 0.7560096153846154 0.21634615384615385 0.027644230769230768 0.028846153846153848
112 0.6213942307692307 0.21634615384615385 0.030048076923076924 0.03125
123 0.7824519230769231 0.2800480769230769 0.019230769230769232 0.021634615384615384
123 0.5889423076923077 0.27884615384615385 0.020432692307692308 0.020432692307692308
130 0.8040865384615384 0.3125 0.028846153846153848 0.027644230769230768
55 0.6213942307692307 0.34375 0.028846153846153848 0.03125
55 0.6742788461538461 0.34375 0.027644230769230768 0.030048076923076924
55 0.6213942307692307 0.38822115384615385 0.03125 0.030048076923076924
55 0.6730769230769231 0.3894230769230769 0.028846153846153848 0.030048076923076924
12 0.6586538461538461 0.30528846153846156 0.018028846153846152 0.019230769230769232
55 0.2932692307692308 0.7560096153846154 0.030048076923076924 0.030048076923076924
55 0.3545673076923077 0.7572115384615384 0.030048076923076924 0.030048076923076924
55 0.09975961538461539 0.7596153846153846 0.028846153846153848 0.030048076923076924
55 0.15625 0.7596153846153846 0.03125 0.03125