180 0.28725961538461536 0.15384615384615385 0.027644230769230768 0.05048076923076923
21 0.6538461538461539 0.1875 0.030048076923076924 0.05048076923076923
171 0.0733173076923077 0.24639423076923078 0.038461538461538464 0.06971153846153846
40 0.36538461538461536 0.25 0.03485576923076923 0.0673076923076923
41 0.5961538461538461 0.25240384615384615 0.03125 0.06129807692307692
137 0.7584134615384616 0.2536057692307692 0.03245192307692308 0.0625
20 0.6538461538461539 0.3473557692307692 0.03485576923076923 0.06129807692307692
100 0.5300480769230769 0.3485576923076923 0.03365384615384615 0.0673076923076923
102 0.46634615384615385 0.3485576923076923 0.037259615384615384 0.06490384615384616
131 0.7572115384615384 0.46153846153846156 0.03485576923076923 0.06370192307692307
8 0.36538461538461536 0.47716346153846156 0.03365384615384615 0.06370192307692307
3 0.46634615384615385 0.47716346153846156 0.03485576923076923 0.0625
102 0.5697115384615384 0.578125 0.03245192307692308 0.06370192307692307
102 0.36538461538461536 0.578125 0.036057692307692304 0.06850961538461539
102 0.4651442307692308 0.578125 0.03245192307692308 0.0625
3 0.6670673076923077 0.5805288461538461 0.03485576923076923 0.06490384615384616
127 0.7584134615384616 0.6802884615384616 0.03245192307692308 0.0625
128 0.46634615384615385 0.75 0.03365384615384615 0.06490384615384616
128 0.5709134615384616 0.75 0.036057692307692304 0.06490384615384616
53 0.6670673076923077 0.7512019230769231 0.03365384615384615 0.06009615384615385
128 0.36658653846153844 0.7524038461538461 0.03245192307692308 0.05889423076923077
180 0.039663461538461536 0.9651442307692307 0.05889423076923077 0.06490384615384616