132 0.02403846153846154 0.11658653846153846 0.026442307692307692 0.026442307692307692
86 0.7103365384615384 0.15625 0.06971153846153846 0.06850961538461539
27 0.1935096153846154 0.15865384615384615 0.07211538461538461 0.07572115384615384
28 0.8076923076923077 0.15985576923076922 0.06971153846153846 0.07091346153846154
122 0.10096153846153846 0.16105769230769232 0.06850961538461539 0.078125
150 0.375 0.16105769230769232 0.06490384615384616 0.07572115384615384
136 0.49399038461538464 0.16105769230769232 0.0733173076923077 0.07091346153846154
63 0.8990384615384616 0.16105769230769232 0.06850961538461539 0.07091346153846154
98 0.2824519230769231 0.1622596153846154 0.0673076923076923 0.07572115384615384
22 0.6177884615384616 0.1622596153846154 0.06850961538461539 0.078125
96 0.3293269230769231 0.2668269230769231 0.06129807692307692 0.06850961538461539
176 0.49158653846153844 0.3125 0.06971153846153846 0.07451923076923077
171 0.49278846153846156 0.03365384615384615 0.06370192307692307 0.06610576923076923
125 0.06971153846153846 0.33533653846153844 0.025240384615384616 0.027644230769230768
125 0.6262019230769231 0.3401442307692308 0.02403846153846154 0.02403846153846154
112 0.6622596153846154 0.37740384615384615 0.06850961538461539 0.0625
112 0.3317307692307692 0.3798076923076923 0.06610576923076923 0.06850961538461539
123 0.6274038461538461 0.4795673076923077 0.028846153846153848 0.030048076923076924
123 0.06850961538461539 0.48197115384615385 0.030048076923076924 0.028846153846153848
64 0.8377403846153846 0.5192307692307693 0.06610576923076923 0.06850961538461539
64 0.15264423076923078 0.5276442307692307 0.07091346153846154 0.07091346153846154
166 0.49278846153846156 0.5625 0.0673076923076923 0.07091346153846154
13 0.7944711538461539 0.640625 0.02283653846153846 0.02403846153846154
13 0.20192307692307693 0.6466346153846154 0.021634615384615384 0.025240384615384616
74 0.8894230769230769 0.6610576923076923 0.0625 0.07091346153846154
74 0.109375 0.6682692307692307 0.06850961538461539 0.07211538461538461
137 0.49158653846153844 0.6730769230769231 0.0673076923076923 0.07211538461538461
55 0.8149038461538461 0.7139423076923077 0.040865384615384616 0.04326923076923077
55 0.7716346153846154 0.7151442307692307 0.039663461538461536 0.042067307692307696
55 0.18028846153846154 0.7199519230769231 0.040865384615384616 0.04326923076923077
123 0.7103365384615384 0.7199519230769231 0.001201923076923077 0.001201923076923077
55 0.22355769230769232 0.7199519230769231 0.04326923076923077 0.04326923076923077
47 0.42788461538461536 0.7235576923076923 0.06490384615384616 0.06971153846153846
74 0.8894230769230769 0.7560096153846154 0.06370192307692307 0.06971153846153846
55 0.8161057692307693 0.7572115384615384 0.040865384615384616 0.042067307692307696
55 0.7716346153846154 0.7596153846153846 0.039663461538461536 0.040865384615384616
55 0.22355769230769232 0.7632211538461539 0.042067307692307696 0.040865384615384616
55 0.17908653846153846 0.7644230769230769 0.040865384615384616 0.042067307692307696
74 0.109375 0.765625 0.06850961538461539 0.07211538461538461
10 0.49278846153846156 0.7956730769230769 0.06370192307692307 0.06971153846153846
180 0.01201923076923077 0.08774038461538461 0.02283653846153846 0.028846153846153848
56 0.49399038461538464 0.9110576923076923 0.06610576923076923 0.0673076923076923
1 0.46153846153846156 0.4362980769230769 0.06610576923076923 0.06971153846153846
1 0.5240384615384616 0.43509615384615385 0.06610576923076923 0.06971153846153846
55 0.6598557692307693 0.7079326923076923 0.037259615384615384 0.038461538461538464
55 0.3329326923076923 0.7067307692307693 0.03125 0.036057692307692304