32 0.09615384615384616 0.38822115384615385 0.04326923076923077 0.10336538461538461
37 0.09254807692307693 0.6189903846153846 0.04927884615384615 0.10697115384615384
6 0.20552884615384615 0.6105769230769231 0.046875 0.10817307692307693
137 0.20552884615384615 0.38461538461538464 0.04567307692307692 0.10697115384615384
132 0.359375 0.04807692307692308 0.036057692307692304 0.078125
3 0.4170673076923077 0.23918269230769232 0.04567307692307692 0.10336538461538461
53 0.5384615384615384 0.24158653846153846 0.04447115384615385 0.10216346153846154
132 0.359375 0.6274038461538461 0.03365384615384615 0.08052884615384616
3 0.6778846153846154 0.23677884615384615 0.046875 0.10216346153846154
3 0.4182692307692308 0.8209134615384616 0.046875 0.1045673076923077
3 0.6778846153846154 0.8197115384615384 0.04567307692307692 0.10336538461538461
53 0.5384615384615384 0.8161057692307693 0.05048076923076923 0.10576923076923077
53 0.8088942307692307 0.23798076923076922 0.04447115384615385 0.10096153846153846
53 0.8088942307692307 0.8173076923076923 0.042067307692307696 0.10216346153846154
137 0.9290865384615384 0.23798076923076922 0.04326923076923077 0.10096153846153846
137 0.9290865384615384 0.8185096153846154 0.04567307692307692 0.109375