180 0.020432692307692308 0.036057692307692304 0.036057692307692304 0.057692307692307696
171 0.04447115384615385 0.12620192307692307 0.04326923076923077 0.08173076923076923
171 0.042067307692307696 0.5408653846153846 0.04927884615384615 0.0829326923076923
171 0.04447115384615385 0.8293269230769231 0.04807692307692308 0.0829326923076923
37 0.109375 0.546875 0.06370192307692307 0.11778846153846154
87 0.11177884615384616 0.3581730769230769 0.0625 0.10697115384615384
27 0.33533653846153844 0.24639423076923078 0.06370192307692307 0.10817307692307693
53 0.44591346153846156 0.36899038461538464 0.06610576923076923 0.11298076923076923
149 0.44471153846153844 0.6634615384615384 0.06370192307692307 0.1141826923076923
39 0.5841346153846154 0.6622596153846154 0.06370192307692307 0.11658653846153846
102 0.5853365384615384 0.39783653846153844 0.06490384615384616 0.11177884615384616
71 0.5841346153846154 0.24158653846153846 0.06129807692307692 0.11057692307692307
137 0.9098557692307693 0.5540865384615384 0.04567307692307692 0.0829326923076923
54 0.8389423076923077 0.5564903846153846 0.036057692307692304 0.08052884615384616
128 0.7872596153846154 0.5564903846153846 0.05048076923076923 0.08774038461538461
55 0.7259615384615384 0.5564903846153846 0.04447115384615385 0.078125
132 0.6971153846153846 0.4519230769230769 0.04447115384615385 0.078125