177 0.08533653846153846 0.21514423076923078 0.12980769230769232 0.23798076923076922
137 0.5865384615384616 0.21514423076923078 0.07451923076923077 0.15384615384615385
136 0.375 0.21995192307692307 0.06971153846153846 0.15144230769230768
32 0.47475961538461536 0.22235576923076922 0.07091346153846154 0.16346153846153846
180 0.3004807692307692 0.03245192307692308 0.057692307692307696 0.06129807692307692
109 0.078125 0.46274038461538464 0.0625 0.171875
3 0.40625 0.5348557692307693 0.078125 0.14182692307692307
139 0.17427884615384615 0.5348557692307693 0.07211538461538461 0.1201923076923077
102 0.5552884615384616 0.5372596153846154 0.07451923076923077 0.1466346153846154
53 0.7704326923076923 0.5456730769230769 0.07211538461538461 0.13221153846153846
109 0.08052884615384616 0.7223557692307693 0.07211538461538461 0.20673076923076922
95 0.7632211538461539 0.7331730769230769 0.1466346153846154 0.14543269230769232
37 0.4050480769230769 0.7463942307692307 0.07692307692307693 0.13581730769230768