32 0.09975961538461539 0.25 0.07451923076923077 0.13581730769230768
6 0.2283653846153846 0.3088942307692308 0.07932692307692307 0.12740384615384615
137 0.4639423076923077 0.49759615384615385 0.0733173076923077 0.12860576923076922
161 0.5637019230769231 0.578125 0.03485576923076923 0.05889423076923077
63 0.9002403846153846 0.5805288461538461 0.07692307692307693 0.11778846153846154
102 0.22956730769230768 0.5973557692307693 0.07451923076923077 0.12860576923076922
3 0.09735576923076923 0.6009615384615384 0.08173076923076923 0.125
102 0.6081730769230769 0.6586538461538461 0.07572115384615384 0.12860576923076922
53 0.4651442307692308 0.6610576923076923 0.06971153846153846 0.12740384615384615
74 0.7403846153846154 0.6622596153846154 0.07211538461538461 0.125
28 0.9014423076923077 0.765625 0.07572115384615384 0.12139423076923077
87 0.2283653846153846 0.8509615384615384 0.07932692307692307 0.12620192307692307
37 0.09735576923076923 0.8569711538461539 0.07572115384615384 0.12259615384615384
137 0.5480769230769231 0.14423076923076922 0.0829326923076923 0.14182692307692307
137 0.23076923076923078 0.14903846153846154 0.078125 0.11778846153846154
33 0.8052884615384616 0.1502403846153846 0.0673076923076923 0.11538461538461539
90 0.4387019230769231 0.15384615384615385 0.052884615384615384 0.0829326923076923
36 0.6766826923076923 0.15384615384615385 0.07572115384615384 0.12259615384615384