136 0.41466346153846156 0.23918269230769232 0.10216346153846154 0.07692307692307693
32 0.8305288461538461 0.24519230769230768 0.0829326923076923 0.0829326923076923
59 0.41466346153846156 0.3545673076923077 0.08533653846153846 0.0733173076923077
31 0.06610576923076923 0.359375 0.08774038461538461 0.09014423076923077
141 0.054086538461538464 0.5132211538461539 0.09495192307692307 0.06610576923076923
137 0.8353365384615384 0.5168269230769231 0.08774038461538461 0.0829326923076923
53 0.06129807692307692 0.6634615384615384 0.08774038461538461 0.09014423076923077
55 0.34615384615384615 0.8185096153846154 0.11298076923076923 0.10697115384615384
140 0.0625 0.828125 0.09615384615384616 0.07091346153846154
128 0.6706730769230769 0.8329326923076923 0.08173076923076923 0.0829326923076923
128 0.5264423076923077 0.8341346153846154 0.07692307692307693 0.07692307692307693