31 0.1201923076923077 0.26802884615384615 0.0829326923076923 0.09735576923076923
59 0.41346153846153844 0.296875 0.08774038461538461 0.0985576923076923
59 0.4110576923076923 0.2980769230769231 0.06610576923076923 0.078125
137 0.7788461538461539 0.45552884615384615 0.0673076923076923 0.08653846153846154
141 0.11658653846153846 0.4567307692307692 0.0889423076923077 0.08413461538461539
53 0.11538461538461539 0.6177884615384616 0.08052884615384616 0.09735576923076923
55 0.3473557692307692 0.7800480769230769 0.09615384615384616 0.1141826923076923
128 0.6334134615384616 0.78125 0.0625 0.09375
128 0.5012019230769231 0.7932692307692307 0.05889423076923077 0.08653846153846154
140 0.1201923076923077 0.8016826923076923 0.09254807692307693 0.09375
32 0.7764423076923077 0.15985576923076922 0.07451923076923077 0.08052884615384616
136 0.41466346153846156 0.17067307692307693 0.08173076923076923 0.07932692307692307