137 0.7560096153846154 0.21514423076923078 0.07692307692307693 0.15504807692307693
102 0.8341346153846154 0.21514423076923078 0.04326923076923077 0.07572115384615384
144 0.59375 0.21754807692307693 0.07932692307692307 0.1466346153846154
53 0.9110576923076923 0.21875 0.0829326923076923 0.16706730769230768
102 0.36538461538461536 0.32091346153846156 0.07451923076923077 0.16105769230769232
102 0.5997596153846154 0.43509615384615385 0.03485576923076923 0.0733173076923077
137 0.17668269230769232 0.45552884615384615 0.06850961538461539 0.16346153846153846
102 0.2439903846153846 0.4579326923076923 0.038461538461538464 0.07932692307692307
53 0.90625 0.5997596153846154 0.07451923076923077 0.16346153846153846
137 0.5985576923076923 0.6081730769230769 0.078125 0.15264423076923078
102 0.7548076923076923 0.6081730769230769 0.06490384615384616 0.18028846153846154
102 0.3629807692307692 0.6153846153846154 0.08052884615384616 0.16105769230769232
180 0.13221153846153846 0.1310096153846154 0.039663461538461536 0.08533653846153846
53 0.04447115384615385 0.4831730769230769 0.0889423076923077 0.1778846153846154