102 0.8245192307692307 0.18509615384615385 0.056490384615384616 0.11899038461538461
3 0.5360576923076923 0.45913461538461536 0.054086538461538464 0.12620192307692307
102 0.8257211538461539 0.46033653846153844 0.055288461538461536 0.12379807692307693
3 0.06129807692307692 0.46274038461538464 0.055288461538461536 0.12379807692307693
102 0.20552884615384615 0.4651442307692308 0.05048076923076923 0.12259615384615384
53 0.9254807692307693 0.46875 0.054086538461538464 0.125
97 0.6706730769230769 0.7247596153846154 0.04807692307692308 0.1201923076923077
102 0.8233173076923077 0.7355769230769231 0.052884615384615384 0.11658653846153846
140 0.9230769230769231 0.7379807692307693 0.055288461538461536 0.12620192307692307
102 0.5685096153846154 0.7391826923076923 0.055288461538461536 0.11778846153846154
53 0.2620192307692308 0.8233173076923077 0.04927884615384615 0.14182692307692307
140 0.1502403846153846 0.828125 0.057692307692307696 0.12139423076923077
97 0.14903846153846154 0.09975961538461539 0.04807692307692308 0.12379807692307693
128 0.20673076923076922 0.10096153846153846 0.051682692307692304 0.1201923076923077
128 0.6682692307692307 0.16947115384615385 0.055288461538461536 0.12379807692307693
102 0.5721153846153846 0.17908653846153846 0.057692307692307696 0.12740384615384615