109 0.10576923076923077 0.30288461538461536 0.056490384615384616 0.12379807692307693
102 0.7596153846153846 0.30649038461538464 0.04807692307692308 0.09975961538461539
95 0.3004807692307692 0.5252403846153846 0.055288461538461536 0.09254807692307693
55 0.7584134615384616 0.5264423076923077 0.056490384615384616 0.11057692307692307
64 0.8245192307692307 0.5264423076923077 0.054086538461538464 0.10576923076923077
178 0.10216346153846154 0.5264423076923077 0.08533653846153846 0.13221153846153846
3 0.5252403846153846 0.5264423076923077 0.054086538461538464 0.10096153846153846
32 0.421875 0.5276442307692307 0.056490384615384616 0.10336538461538461
58 0.796875 0.703125 0.06129807692307692 0.11298076923076923
28 0.5276442307692307 0.8173076923076923 0.057692307692307696 0.10576923076923077
180 0.3713942307692308 0.13581730769230768 0.04326923076923077 0.08413461538461539