177 0.21875 0.037259615384615384 0.051682692307692304 0.04447115384615385
109 0.2608173076923077 0.03125 0.037259615384615384 0.0625
125 0.35096153846153844 0.171875 0.026442307692307692 0.03125
123 0.33413461538461536 0.31009615384615385 0.030048076923076924 0.03365384615384615
123 0.46634615384615385 0.3125 0.02403846153846154 0.03125
123 0.5985576923076923 0.3112980769230769 0.02403846153846154 0.03125
180 0.06490384615384616 0.13221153846153846 0.03245192307692308 0.036057692307692304
171 0.02403846153846154 0.4074519230769231 0.038461538461538464 0.04447115384615385
75 0.13701923076923078 0.40625 0.04807692307692308 0.054086538461538464
59 0.3954326923076923 0.22355769230769232 0.055288461538461536 0.05889423076923077
59 0.6466346153846154 0.22355769230769232 0.04567307692307692 0.055288461538461536
55 0.3954326923076923 0.375 0.051682692307692304 0.0673076923076923
55 0.6490384615384616 0.3737980769230769 0.04807692307692308 0.06850961538461539
30 0.5192307692307693 0.3737980769230769 0.039663461538461536 0.054086538461538464
176 0.6045673076923077 0.4807692307692308 0.04567307692307692 0.054086538461538464
3 0.5216346153846154 0.4795673076923077 0.04567307692307692 0.05889423076923077
53 0.9278846153846154 0.5204326923076923 0.040865384615384616 0.04807692307692308
50 0.8004807692307693 0.5588942307692307 0.038461538461538464 0.055288461538461536
55 0.6742788461538461 0.6490384615384616 0.042067307692307696 0.04807692307692308
102 0.5793269230769231 0.6466346153846154 0.042067307692307696 0.056490384615384616
102 0.38100961538461536 0.7295673076923077 0.040865384615384616 0.052884615384615384
55 0.4735576923076923 0.7319711538461539 0.04326923076923077 0.055288461538461536
64 0.47475961538461536 0.6466346153846154 0.039663461538461536 0.051682692307692304
58 0.38221153846153844 0.6478365384615384 0.04447115384615385 0.04927884615384615
122 0.41947115384615385 0.8209134615384616 0.040865384615384616 0.054086538461538464
142 0.38822115384615385 0.9375 0.04447115384615385 0.054086538461538464
141 0.47836538461538464 0.9375 0.038461538461538464 0.04807692307692308
28 0.5877403846153846 0.9362980769230769 0.039663461538461536 0.05048076923076923
179 0.6826923076923077 0.9362980769230769 0.039663461538461536 0.04927884615384615
158 0.13701923076923078 0.6442307692307693 0.04447115384615385 0.055288461538461536