180 0.09735576923076923 0.03485576923076923 0.028846153846153848 0.055288461538461536
32 0.14423076923076922 0.4735576923076923 0.04447115384615385 0.07091346153846154
53 0.24759615384615385 0.1346153846153846 0.04447115384615385 0.08173076923076923
102 0.3942307692307692 0.1346153846153846 0.04326923076923077 0.07211538461538461
37 0.24519230769230768 0.27524038461538464 0.04447115384615385 0.078125
137 0.24639423076923078 0.47475961538461536 0.046875 0.0829326923076923
3 0.3557692307692308 0.47115384615384615 0.042067307692307696 0.0733173076923077
9 0.43149038461538464 0.47115384615384615 0.046875 0.078125
3 0.39903846153846156 0.6382211538461539 0.04326923076923077 0.07572115384615384
139 0.39783653846153844 0.7728365384615384 0.04326923076923077 0.07932692307692307
37 0.39903846153846156 0.9074519230769231 0.04326923076923077 0.07451923076923077
137 0.2644230769230769 0.7704326923076923 0.04326923076923077 0.07572115384615384
6 0.15865384615384615 0.7740384615384616 0.04326923076923077 0.07692307692307693
102 0.5408653846153846 0.14903846153846154 0.037259615384615384 0.07091346153846154
10 0.6346153846153846 0.14783653846153846 0.04567307692307692 0.08413461538461539
137 0.7307692307692307 0.15144230769230768 0.04567307692307692 0.0829326923076923
19 0.8269230769230769 0.1502403846153846 0.04567307692307692 0.07692307692307693
137 0.9230769230769231 0.14903846153846154 0.046875 0.07932692307692307
102 0.59375 0.4579326923076923 0.03485576923076923 0.07692307692307693
113 0.6971153846153846 0.46033653846153844 0.040865384615384616 0.07451923076923077
65 0.7007211538461539 0.5865384615384616 0.04807692307692308 0.08774038461538461
102 0.59375 0.5889423076923077 0.042067307692307696 0.07091346153846154
64 0.6478365384615384 0.7908653846153846 0.04326923076923077 0.0829326923076923
63 0.71875 0.8581730769230769 0.046875 0.0829326923076923
74 0.5721153846153846 0.859375 0.04326923076923077 0.078125
137 0.8713942307692307 0.37740384615384615 0.04567307692307692 0.0829326923076923
36 0.8725961538461539 0.5444711538461539 0.04447115384615385 0.07932692307692307
33 0.8725961538461539 0.7115384615384616 0.04447115384615385 0.0829326923076923
90 0.8713942307692307 0.8581730769230769 0.040865384615384616 0.07692307692307693
171 0.03125 0.46875 0.042067307692307696 0.08413461538461539
123 0.5252403846153846 0.34375 0.025240384615384616 0.040865384615384616