139 0.2860576923076923 0.2932692307692308 0.06610576923076923 0.1466346153846154
6 0.19110576923076922 0.29447115384615385 0.07451923076923077 0.14423076923076922
53 0.9375 0.4074519230769231 0.07091346153846154 0.14423076923076922
102 0.765625 0.4110576923076923 0.07572115384615384 0.1466346153846154
180 0.5072115384615384 0.04447115384615385 0.019230769230769232 0.04567307692307692
3 0.5637019230769231 0.4579326923076923 0.07091346153846154 0.1346153846153846
171 0.057692307692307696 0.4891826923076923 0.08774038461538461 0.1778846153846154
87 0.4026442307692308 0.5180288461538461 0.046875 0.057692307692307696
102 0.7668269230769231 0.6045673076923077 0.0733173076923077 0.14903846153846154
28 0.9350961538461539 0.8245192307692307 0.0829326923076923 0.1466346153846154
87 0.765625 0.8269230769230769 0.07091346153846154 0.1466346153846154
37 0.5637019230769231 0.13701923076923078 0.07091346153846154 0.13942307692307693
171 0.054086538461538464 0.13581730769230768 0.08533653846153846 0.14543269230769232