1 0.7067307692307693 0.7848557692307693 0.040865384615384616 0.078125
136 0.8149038461538461 0.7872596153846154 0.055288461538461536 0.1045673076923077
180 0.515625 0.13221153846153846 0.036057692307692304 0.06490384615384616
58 0.040865384615384616 0.13221153846153846 0.037259615384615384 0.06971153846153846
123 0.06009615384615385 0.2536057692307692 0.026442307692307692 0.04567307692307692
125 0.6658653846153846 0.2548076923076923 0.02403846153846154 0.04807692307692308
111 0.6033653846153846 0.27403846153846156 0.06370192307692307 0.06490384615384616
11 0.5396634615384616 0.32211538461538464 0.052884615384615384 0.09254807692307693
121 0.6033653846153846 0.35216346153846156 0.046875 0.078125
55 0.13822115384615385 0.3858173076923077 0.04326923076923077 0.0829326923076923
12 0.13822115384615385 0.47836538461538464 0.036057692307692304 0.06009615384615385
56 0.6081730769230769 0.4951923076923077 0.04927884615384615 0.08533653846153846
98 0.5360576923076923 0.4963942307692308 0.04927884615384615 0.09134615384615384
112 0.7103365384615384 0.546875 0.040865384615384616 0.07451923076923077
55 0.13942307692307693 0.5721153846153846 0.046875 0.07932692307692307
128 0.5121522307692308 0.69626 0.5612785913461539 0.69626 0.5612785913461539 0.60778 0.5121522307692308 0.60778 0.5121522307692308 0.69626
95 0.9254807692307693 0.6598557692307693 0.06129807692307692 0.11177884615384616