55 0.35096153846153844 0.6141826923076923 0.036057692307692304 0.046875
1 0.4110576923076923 0.6165865384615384 0.036057692307692304 0.05048076923076923
55 0.78125 0.6225961538461539 0.036057692307692304 0.04927884615384615
12 0.7536057692307693 0.6490384615384616 0.039663461538461536 0.05048076923076923
12 0.5697115384615384 0.6526442307692307 0.040865384615384616 0.04807692307692308
123 0.47716346153846156 0.7271634615384616 0.016826923076923076 0.030048076923076924
62 0.9338942307692307 0.7307692307692307 0.040865384615384616 0.06009615384615385
112 0.35336538461538464 0.7379807692307693 0.036057692307692304 0.04567307692307692
64 0.8305288461538461 0.7536057692307693 0.04447115384615385 0.05889423076923077
42 0.7908653846153846 0.7932692307692307 0.046875 0.04567307692307692
42 0.609375 0.7944711538461539 0.046875 0.04447115384615385
42 0.7307692307692307 0.7944711538461539 0.046875 0.046875
42 0.5492788461538461 0.7944711538461539 0.04927884615384615 0.04447115384615385
42 0.6706730769230769 0.7944711538461539 0.046875 0.04447115384615385
53 0.9338942307692307 0.8557692307692307 0.038461538461538464 0.06009615384615385
42 0.6682692307692307 0.8617788461538461 0.04807692307692308 0.04447115384615385
42 0.609375 0.8617788461538461 0.046875 0.046875
42 0.7295673076923077 0.8629807692307693 0.04447115384615385 0.04326923076923077
42 0.5492788461538461 0.8641826923076923 0.046875 0.04447115384615385
42 0.7932692307692307 0.8689903846153846 0.06490384615384616 0.06490384615384616
55 0.6009615384615384 0.14903846153846154 0.037259615384615384 0.052884615384615384
53 0.9350961538461539 0.15504807692307693 0.040865384615384616 0.0625
55 0.34975961538461536 0.1622596153846154 0.03485576923076923 0.04326923076923077
59 0.4098557692307692 0.16466346153846154 0.03365384615384615 0.04807692307692308
55 0.7824519230769231 0.16947115384615385 0.03485576923076923 0.04807692307692308
12 0.7536057692307693 0.1971153846153846 0.03485576923076923 0.051682692307692304
12 0.5709134615384616 0.20072115384615385 0.04326923076923077 0.04927884615384615
123 0.47596153846153844 0.27524038461538464 0.019230769230769232 0.025240384615384616
62 0.9362980769230769 0.27884615384615385 0.039663461538461536 0.05889423076923077
112 0.35336538461538464 0.28846153846153844 0.03365384615384615 0.051682692307692304
180 0.21394230769230768 0.030048076923076924 0.042067307692307696 0.04807692307692308
64 0.8269230769230769 0.30408653846153844 0.040865384615384616 0.057692307692307696
42 0.6105769230769231 0.3389423076923077 0.04567307692307692 0.046875
42 0.7908653846153846 0.3401442307692308 0.04927884615384615 0.04447115384615385
42 0.5480769230769231 0.34134615384615385 0.046875 0.042067307692307696
42 0.7307692307692307 0.34134615384615385 0.04447115384615385 0.04447115384615385
42 0.6694711538461539 0.3425480769230769 0.04807692307692308 0.046875
42 0.5480769230769231 0.40865384615384615 0.05048076923076923 0.04567307692307692
42 0.7295673076923077 0.40865384615384615 0.04567307692307692 0.04447115384615385
42 0.6682692307692307 0.4098557692307692 0.046875 0.04447115384615385
42 0.609375 0.4110576923076923 0.04807692307692308 0.04326923076923077
42 0.7932692307692307 0.4170673076923077 0.06610576923076923 0.06850961538461539
59 0.18182167067307692 0.5325902139423077 0.2298623028846154 0.5325902139423077 0.2298623028846154 0.4717645264423077 0.18182167067307692 0.4717645264423077 0.18182167067307692 0.5325902139423077
136 0.057692307692307696 0.5024038461538461 0.042067307692307696 0.056490384615384616
95 0.10958464903846155 0.5301467884615385 0.14742663701923078 0.5301467884615385 0.14742663701923078 0.4766544350961538 0.10958464903846155 0.4766544350961538 0.10958464903846155 0.5301467884615385
55 0.6009615384615384 0.6045673076923077 0.03485576923076923 0.052884615384615384
53 0.9338942307692307 0.6105769230769231 0.04326923076923077 0.057692307692307696
53 0.9326923076923077 0.4026442307692308 0.042067307692307696 0.05889423076923077