100 0.3942307692307692 0.27163461538461536 0.0733173076923077 0.13581730769230768
10 0.9447115384615384 0.2764423076923077 0.07932692307692307 0.12860576923076922
100 0.5673076923076923 0.38100961538461536 0.07211538461538461 0.13701923076923078
137 0.7536057692307693 0.38100961538461536 0.037259615384615384 0.07572115384615384
3 0.0673076923076923 0.5144230769230769 0.07572115384615384 0.12860576923076922
102 0.2764423076923077 0.515625 0.042067307692307696 0.078125
102 0.7884615384615384 0.5600961538461539 0.042067307692307696 0.08173076923076923
53 0.4519230769230769 0.7740384615384616 0.07932692307692307 0.1310096153846154
7 0.9230769230769231 0.8557692307692307 0.07451923076923077 0.1346153846153846
171 0.8173076923076923 0.8629807692307693 0.04447115384615385 0.09254807692307693
102 0.7379807692307693 0.8725961538461539 0.054086538461538464 0.09735576923076923
100 0.5673076923076923 0.16706730769230768 0.0733173076923077 0.1346153846153846
137 0.7536057692307693 0.17067307692307693 0.040865384615384616 0.07211538461538461