39 0.08173076923076923 0.8545673076923077 0.10817307692307693 0.09735576923076923
180 0.08173076923076923 0.14302884615384615 0.08173076923076923 0.0829326923076923
142 0.2644230769230769 0.23076923076923078 0.12860576923076922 0.1141826923076923
137 0.8762019230769231 0.23197115384615385 0.10336538461538461 0.11057692307692307
3 0.5853365384615384 0.23317307692307693 0.10817307692307693 0.10576923076923077
37 0.4266826923076923 0.23557692307692307 0.11057692307692307 0.10336538461538461
53 0.7367788461538461 0.23798076923076922 0.09735576923076923 0.10216346153846154
29 0.0829326923076923 0.3858173076923077 0.10216346153846154 0.10096153846153846
102 0.8137019230769231 0.43990384615384615 0.12379807692307693 0.11177884615384616
102 0.640625 0.44350961538461536 0.10336538461538461 0.10697115384615384
102 0.47596153846153844 0.44591346153846156 0.10216346153846154 0.10697115384615384
102 0.29447115384615385 0.44711538461538464 0.10576923076923077 0.09375
55 0.5192307692307693 0.052884615384615384 0.11899038461538461 0.10576923076923077
27 0.08653846153846154 0.5384615384615384 0.10576923076923077 0.09495192307692307
123 0.7668269230769231 0.5829326923076923 0.04927884615384615 0.057692307692307696
123 0.21875 0.5877403846153846 0.051682692307692304 0.0625
123 0.5132211538461539 0.5877403846153846 0.054086538461538464 0.06009615384615385
28 0.08653846153846154 0.6862980769230769 0.10576923076923077 0.09735576923076923
46 0.08533653846153846 0.23798076923076922 0.10096153846153846 0.10096153846153846
130 0.2860576923076923 0.6778846153846154 0.08653846153846154 0.08413461538461539
130 0.5637019230769231 0.6766826923076923 0.09014423076923077 0.0829326923076923
130 0.8197115384615384 0.6706730769230769 0.0889423076923077 0.0829326923076923