171 0.6057692307692307 0.04927884615384615 0.056490384615384616 0.07451923076923077
171 0.390625 0.04807692307692308 0.06009615384615385 0.0733173076923077
180 0.054086538461538464 0.14543269230769232 0.04807692307692308 0.05889423076923077
125 0.1875 0.43028846153846156 0.04927884615384615 0.056490384615384616
125 0.18629807692307693 0.6850961538461539 0.04567307692307692 0.05048076923076923
55 0.2956730769230769 0.46153846153846156 0.05889423076923077 0.06490384615384616
55 0.7019230769230769 0.45913461538461536 0.056490384615384616 0.0733173076923077
55 0.703125 0.7151442307692307 0.05889423076923077 0.0733173076923077
55 0.2932692307692308 0.7163461538461539 0.057692307692307696 0.06850961538461539
136 0.4987980769230769 0.11658653846153846 0.05889423076923077 0.06370192307692307
18 0.49759615384615385 0.23197115384615385 0.056490384615384616 0.0673076923076923
59 0.5 0.3485576923076923 0.052884615384615384 0.0625
59 0.5 0.6033653846153846 0.051682692307692304 0.06009615384615385
12 0.4987980769230769 0.42788461538461536 0.04927884615384615 0.06129807692307692
12 0.4987980769230769 0.6838942307692307 0.04567307692307692 0.057692307692307696
123 0.18629807692307693 0.828125 0.04567307692307692 0.051682692307692304
128 0.29447115384615385 0.8581730769230769 0.04927884615384615 0.056490384615384616
128 0.7019230769230769 0.8581730769230769 0.05048076923076923 0.0625
137 0.9002403846153846 0.35336538461538464 0.052884615384615384 0.06850961538461539