177 0.4110576923076923 0.03365384615384615 0.051682692307692304 0.0673076923076923
109 0.4495192307692308 0.04326923076923077 0.03245192307692308 0.04927884615384615
171 0.49278846153846156 0.03485576923076923 0.0673076923076923 0.06971153846153846
132 0.025240384615384616 0.12379807692307693 0.02403846153846154 0.02403846153846154
180 0.01201923076923077 0.08774038461538461 0.019230769230769232 0.028846153846153848
122 0.10216346153846154 0.1658653846153846 0.057692307692307696 0.06610576923076923
27 0.19110576923076922 0.1658653846153846 0.06610576923076923 0.07451923076923077
98 0.2824519230769231 0.16826923076923078 0.06009615384615385 0.06850961538461539
150 0.375 0.16706730769230768 0.0625 0.0673076923076923
136 0.49278846153846156 0.16706730769230768 0.057692307692307696 0.0673076923076923
22 0.6201923076923077 0.16947115384615385 0.06610576923076923 0.07451923076923077
86 0.7103365384615384 0.16466346153846154 0.06129807692307692 0.0733173076923077
28 0.8064903846153846 0.1658653846153846 0.06490384615384616 0.07572115384615384
63 0.8978365384615384 0.16466346153846154 0.06370192307692307 0.0733173076923077
112 0.6634615384615384 0.40024038461538464 0.06370192307692307 0.07091346153846154
112 0.3329326923076923 0.39663461538461536 0.06490384615384616 0.06850961538461539
74 0.14543269230769232 0.4074519230769231 0.06129807692307692 0.06490384615384616
74 0.8461538461538461 0.4026442307692308 0.06370192307692307 0.07211538461538461
55 0.25721153846153844 0.4050480769230769 0.030048076923076924 0.037259615384615384
55 0.7379807692307693 0.39903846153846156 0.03365384615384615 0.042067307692307696
96 0.33052884615384615 0.27884615384615385 0.06490384615384616 0.07692307692307693
1 0.4639423076923077 0.453125 0.06009615384615385 0.06971153846153846
1 0.5264423076923077 0.453125 0.06129807692307692 0.07091346153846154
176 0.49278846153846156 0.3245192307692308 0.06129807692307692 0.07091346153846154
64 0.8449519230769231 0.5985576923076923 0.0625 0.06850961538461539
64 0.15384615384615385 0.5985576923076923 0.06610576923076923 0.0733173076923077
74 0.7992788461538461 0.7331730769230769 0.0625 0.0733173076923077
74 0.8870192307692307 0.7319711538461539 0.06490384615384616 0.07572115384615384
55 0.6598557692307693 0.734375 0.038461538461538464 0.039663461538461536
166 0.49158653846153844 0.5877403846153846 0.06610576923076923 0.07451923076923077
74 0.11057692307692307 0.7367788461538461 0.0625 0.0673076923076923
74 0.19951923076923078 0.734375 0.0625 0.07211538461538461
55 0.3329326923076923 0.734375 0.03365384615384615 0.042067307692307696
137 0.49278846153846156 0.6935096153846154 0.06129807692307692 0.06850961538461539
47 0.4266826923076923 0.7319711538461539 0.06129807692307692 0.07572115384615384
10 0.49278846153846156 0.8052884615384616 0.06490384615384616 0.07211538461538461
56 0.49278846153846156 0.9002403846153846 0.06490384615384616 0.07451923076923077
123 0.6274038461538461 0.5576923076923077 0.026442307692307692 0.03245192307692308
123 0.06971153846153846 0.5661057692307693 0.028846153846153848 0.03365384615384615