96 0.5132211538461539 0.16706730769230768 0.06971153846153846 0.0733173076923077
59 0.5120192307692307 0.27884615384615385 0.051682692307692304 0.0625
125 0.6165865384615384 0.31009615384615385 0.04807692307692308 0.05048076923076923
125 0.1778846153846154 0.3112980769230769 0.04447115384615385 0.05048076923076923
95 0.625 0.037259615384615384 0.07572115384615384 0.056490384615384616
112 0.8028846153846154 0.3798076923076923 0.06971153846153846 0.07572115384615384
55 0.3641826923076923 0.38100961538461536 0.06971153846153846 0.07572115384615384
112 0.21754807692307693 0.38100961538461536 0.06490384615384616 0.0733173076923077
55 0.65625 0.38341346153846156 0.06850961538461539 0.07451923076923077
59 0.5120192307692307 0.49399038461538464 0.057692307692307696 0.06370192307692307
123 0.1778846153846154 0.5360576923076923 0.046875 0.05048076923076923
123 0.6165865384615384 0.5372596153846154 0.04567307692307692 0.051682692307692304
12 0.5120192307692307 0.6081730769230769 0.051682692307692304 0.051682692307692304
55 0.36177884615384615 0.6358173076923077 0.0733173076923077 0.07451923076923077
55 0.6550480769230769 0.6358173076923077 0.06850961538461539 0.07451923076923077
123 0.1778846153846154 0.7596153846153846 0.046875 0.04927884615384615
123 0.6153846153846154 0.7608173076923077 0.04807692307692308 0.054086538461538464
11 0.7307692307692307 0.8293269230769231 0.06490384615384616 0.06971153846153846
11 0.2920673076923077 0.8293269230769231 0.06370192307692307 0.06610576923076923
180 0.09735576923076923 0.1141826923076923 0.046875 0.04927884615384615