180 0.12860576923076922 0.04447115384615385 0.039663461538461536 0.07572115384615384
89 0.1971153846153846 0.1875 0.0829326923076923 0.1466346153846154
55 0.04326923076923077 0.18509615384615385 0.051682692307692304 0.10576923076923077
102 0.19831730769230768 0.47475961538461536 0.06129807692307692 0.10216346153846154
102 0.5637019230769231 0.18509615384615385 0.056490384615384616 0.10096153846153846
102 0.5649038461538461 0.46875 0.05889423076923077 0.10216346153846154
53 0.38822115384615385 0.18509615384615385 0.0829326923076923 0.1466346153846154
3 0.6959134615384616 0.33533653846153844 0.08413461538461539 0.14903846153846154
37 0.6947115384615384 0.8137019230769231 0.08173076923076923 0.15264423076923078
6 0.8365384615384616 0.8137019230769231 0.0829326923076923 0.15264423076923078
34 0.8317307692307693 0.5576923076923077 0.0829326923076923 0.15504807692307693
89 0.38822115384615385 0.47115384615384615 0.09254807692307693 0.16706730769230768
89 0.38822115384615385 0.8028846153846154 0.08774038461538461 0.1622596153846154