180 0.22716346153846154 0.18990384615384615 0.03365384615384615 0.040865384615384616
53 0.46033653846153844 0.3233173076923077 0.07451923076923077 0.08774038461538461
37 0.31971153846153844 0.3449519230769231 0.07211538461538461 0.09134615384615384
137 0.7860576923076923 0.39663461538461536 0.07692307692307693 0.09134615384615384
81 0.7572115384615384 0.052884615384615384 0.078125 0.09615384615384616
9 0.31850961538461536 0.5360576923076923 0.07451923076923077 0.0889423076923077
102 0.640625 0.5360576923076923 0.07211538461538461 0.0889423076923077
11 0.7896634615384616 0.6742788461538461 0.07451923076923077 0.09014423076923077
137 0.45552884615384615 0.7019230769230769 0.0733173076923077 0.09134615384615384
32 0.31850961538461536 0.703125 0.078125 0.0889423076923077
36 0.9302884615384616 0.8209134615384616 0.07091346153846154 0.09014423076923077
179 0.7391826923076923 0.8834134615384616 0.0733173076923077 0.09254807692307693
28 0.6526442307692307 0.8834134615384616 0.0733173076923077 0.0889423076923077
27 0.8209134615384616 0.8858173076923077 0.07211538461538461 0.08774038461538461