37 0.11538461538461539 0.6177884615384616 0.04326923076923077 0.054086538461538464
145 0.11538461538461539 0.6923076923076923 0.037259615384615384 0.05048076923076923
29 0.8305288461538461 0.7067307692307693 0.038461538461538464 0.051682692307692304
87 0.1141826923076923 0.7680288461538461 0.04326923076923077 0.055288461538461536
128 0.5721153846153846 0.7716346153846154 0.04447115384615385 0.056490384615384616
128 0.4026442307692308 0.7728365384615384 0.039663461538461536 0.055288461538461536
136 0.35216346153846156 0.15384615384615385 0.04326923076923077 0.06009615384615385
18 0.35096153846153844 0.24158653846153846 0.042067307692307696 0.06009615384615385
180 0.0733173076923077 0.24519230769230768 0.04567307692307692 0.040865384615384616
125 0.26322115384615385 0.31971153846153844 0.013221153846153846 0.020432692307692308
59 0.4963942307692308 0.3798076923076923 0.040865384615384616 0.052884615384615384
137 0.11538461538461539 0.3870192307692308 0.042067307692307696 0.054086538461538464
36 0.8317307692307693 0.4326923076923077 0.040865384615384616 0.052884615384615384
63 0.11538461538461539 0.46875 0.040865384615384616 0.055288461538461536
123 0.2644230769230769 0.47115384615384615 0.013221153846153846 0.019230769230769232
58 0.4735576923076923 0.49278846153846156 0.025240384615384616 0.03485576923076923
22 0.1141826923076923 0.5432692307692307 0.042067307692307696 0.055288461538461536
33 0.8305288461538461 0.5552884615384616 0.040865384615384616 0.056490384615384616
42 0.3870192307692308 0.5625 0.037259615384615384 0.030048076923076924
42 0.3269230769230769 0.5637019230769231 0.038461538461538464 0.03125
42 0.4483173076923077 0.5637019230769231 0.039663461538461536 0.03125
42 0.6129807692307693 0.5637019230769231 0.037259615384615384 0.027644230769230768
42 0.6730769230769231 0.5637019230769231 0.036057692307692304 0.027644230769230768
42 0.5516826923076923 0.5649038461538461 0.036057692307692304 0.027644230769230768