180 0.27403846153846156 0.016826923076923076 0.019230769230769232 0.03365384615384615
180 0.042067307692307696 0.018028846153846152 0.021634615384615384 0.036057692307692304
148 0.7632211538461539 0.2644230769230769 0.04326923076923077 0.08173076923076923
149 0.3076923076923077 0.27524038461538464 0.025240384615384616 0.04447115384615385
136 0.4182692307692308 0.3425480769230769 0.039663461538461536 0.07451923076923077
136 0.3701923076923077 0.3449519230769231 0.03245192307692308 0.06850961538461539
136 0.3293269230769231 0.3449519230769231 0.037259615384615384 0.06610576923076923
43 0.12740384615384615 0.36778846153846156 0.054086538461538464 0.08533653846153846
167 0.6286057692307693 0.41466346153846156 0.03125 0.052884615384615384
136 0.578125 0.4831730769230769 0.036057692307692304 0.06490384615384616
180 0.6826923076923077 0.7271634615384616 0.019230769230769232 0.036057692307692304
180 0.009615384615384616 0.7283653846153846 0.019230769230769232 0.036057692307692304
180 0.3016826923076923 0.7283653846153846 0.019230769230769232 0.03485576923076923
149 0.6995192307692307 0.7836538461538461 0.02403846153846154 0.042067307692307696
149 0.027644230769230768 0.7848557692307693 0.026442307692307692 0.046875
149 0.31971153846153844 0.7860576923076923 0.026442307692307692 0.04326923076923077
136 0.7475961538461539 0.8497596153846154 0.038461538461538464 0.06370192307692307
136 0.41225961538461536 0.8509615384615384 0.038461538461538464 0.06490384615384616
136 0.8389423076923077 0.8509615384615384 0.038461538461538464 0.057692307692307696
136 0.48677884615384615 0.8521634615384616 0.039663461538461536 0.06129807692307692
136 0.36778846153846156 0.8521634615384616 0.03125 0.06610576923076923
55 0.9338942307692307 0.8605769230769231 0.027644230769230768 0.04567307692307692
55 0.21514423076923078 0.8605769230769231 0.026442307692307692 0.04447115384615385
136 0.04807692307692308 0.8617788461538461 0.03125 0.0625
55 0.5817307692307693 0.8629807692307693 0.025240384615384616 0.04447115384615385
29 0.36899038461538464 0.10697115384615384 0.046875 0.06490384615384616
29 0.14543269230769232 0.1622596153846154 0.04927884615384615 0.08533653846153846