176 0.43990384615384615 0.16947115384615385 0.06850961538461539 0.09495192307692307
136 0.31971153846153844 0.17067307692307693 0.06971153846153846 0.0889423076923077
125 0.1201923076923077 0.29927884615384615 0.038461538461538464 0.052884615384615384
1 0.3137019230769231 0.3737980769230769 0.06009615384615385 0.08173076923076923
171 0.3233173076923077 0.04326923076923077 0.08413461538461539 0.08653846153846154
123 0.12139423076923077 0.4879807692307692 0.040865384615384616 0.0625
102 0.5673076923076923 0.5348557692307693 0.06129807692307692 0.08413461538461539
74 0.17427884615384615 0.5540865384615384 0.04326923076923077 0.06009615384615385
55 0.40384615384615385 0.5973557692307693 0.055288461538461536 0.09014423076923077
55 0.3233173076923077 0.6009615384615384 0.06009615384615385 0.0889423076923077
55 0.23918269230769232 0.6009615384615384 0.05889423076923077 0.09375
148 0.9110576923076923 0.6033653846153846 0.06610576923076923 0.10216346153846154
102 0.5721153846153846 0.6394230769230769 0.06009615384615385 0.08533653846153846
50 0.7283653846153846 0.671875 0.07091346153846154 0.09615384615384616
9 0.5144230769230769 0.7860576923076923 0.06850961538461539 0.09495192307692307
63 0.2247596153846154 0.7872596153846154 0.06850961538461539 0.09254807692307693
53 0.33413461538461536 0.7872596153846154 0.0673076923076923 0.09375
179 0.11658653846153846 0.9134615384615384 0.07572115384615384 0.09615384615384616
28 0.2704326923076923 0.9134615384615384 0.06971153846153846 0.09254807692307693
87 0.5853365384615384 0.9134615384615384 0.06971153846153846 0.0889423076923077
29 0.4206730769230769 0.9146634615384616 0.07451923076923077 0.09375
180 0.02403846153846154 0.14182692307692307 0.04807692307692308 0.08533653846153846