137 0.49399038461538464 0.13701923076923078 0.08653846153846154 0.125
110 0.6586538461538461 0.14783653846153846 0.0733173076923077 0.1045673076923077
55 0.4254807692307692 0.40625 0.04326923076923077 0.052884615384615384
110 0.8329326923076923 0.43509615384615385 0.042067307692307696 0.06490384615384616
137 0.9038461538461539 0.43990384615384615 0.04447115384615385 0.06971153846153846
130 0.6129807692307693 0.44471153846153844 0.06370192307692307 0.07692307692307693
55 0.4230769230769231 0.47836538461538464 0.04447115384615385 0.051682692307692304
180 0.15384615384615385 0.05048076923076923 0.11177884615384616 0.09975961538461539
110 0.8341346153846154 0.5408653846153846 0.042067307692307696 0.06009615384615385
137 0.90625 0.5480769230769231 0.04567307692307692 0.06490384615384616
55 0.4230769230769231 0.5588942307692307 0.04447115384615385 0.04807692307692308
130 0.6129807692307693 0.5612980769230769 0.0673076923076923 0.06971153846153846
102 0.41947115384615385 0.6694711538461539 0.04567307692307692 0.055288461538461536
110 0.8329326923076923 0.7175480769230769 0.039663461538461536 0.06490384615384616
137 0.90625 0.7199519230769231 0.046875 0.07451923076923077
130 0.6141826923076923 0.7319711538461539 0.06370192307692307 0.0733173076923077
102 0.41586538461538464 0.7524038461538461 0.040865384615384616 0.04326923076923077
110 0.8341346153846154 0.8221153846153846 0.04326923076923077 0.05889423076923077
102 0.41586538461538464 0.8245192307692307 0.042067307692307696 0.04567307692307692
137 0.90625 0.8257211538461539 0.046875 0.06971153846153846
130 0.6141826923076923 0.8389423076923077 0.0625 0.07572115384615384