10 0.8125 0.25 0.09254807692307693 0.13221153846153846
137 0.9447115384615384 0.25 0.07692307692307693 0.12860576923076922
137 0.6766826923076923 0.2512019230769231 0.06610576923076923 0.10336538461538461
177 0.13822115384615385 0.25240384615384615 0.0829326923076923 0.10216346153846154
3 0.29447115384615385 0.25240384615384615 0.09615384615384616 0.13341346153846154
102 0.4963942307692308 0.3485576923076923 0.078125 0.11177884615384616
177 0.14182692307692307 0.35697115384615385 0.078125 0.10216346153846154
83 0.9423076923076923 0.4206730769230769 0.09014423076923077 0.14302884615384615
37 0.2956730769230769 0.4483173076923077 0.0829326923076923 0.1346153846153846
137 0.9375 0.5853365384615384 0.0733173076923077 0.10697115384615384
10 0.046875 0.5913461538461539 0.042067307692307696 0.06971153846153846
53 0.6766826923076923 0.06129807692307692 0.078125 0.11899038461538461
3 0.046875 0.6550480769230769 0.036057692307692304 0.04927884615384615
37 0.046875 0.7091346153846154 0.039663461538461536 0.054086538461538464
53 0.046875 0.7692307692307693 0.039663461538461536 0.06370192307692307
83 0.046875 0.828125 0.038461538461538464 0.057692307692307696
102 0.04807692307692308 0.8822115384615384 0.036057692307692304 0.04807692307692308
137 0.046875 0.9266826923076923 0.039663461538461536 0.04807692307692308
177 0.13942307692307693 0.15384615384615385 0.0733173076923077 0.11057692307692307
102 0.5 0.15865384615384615 0.0733173076923077 0.1310096153846154