102 0.7019230769230769 0.17548076923076922 0.056490384615384616 0.12379807692307693
89 0.0889423076923077 0.21514423076923078 0.06370192307692307 0.12740384615384615
95 0.27884615384615385 0.4326923076923077 0.07451923076923077 0.125
170 0.09254807692307693 0.4338942307692308 0.06009615384615385 0.1310096153846154
102 0.6923076923076923 0.44471153846153844 0.05889423076923077 0.1201923076923077
3 0.4651442307692308 0.4495192307692308 0.05889423076923077 0.1310096153846154
102 0.6778846153846154 0.6598557692307693 0.05889423076923077 0.11899038461538461
152 0.09014423076923077 0.6610576923076923 0.06370192307692307 0.11658653846153846
102 0.5709134615384616 0.06850961538461539 0.05889423076923077 0.11538461538461539
137 0.4651442307692308 0.6959134615384616 0.06971153846153846 0.12740384615384615
102 0.8365384615384616 0.7728365384615384 0.06009615384615385 0.12860576923076922
99 0.7319711538461539 0.8894230769230769 0.042067307692307696 0.09014423076923077