160 0.6694711538461539 0.23677884615384615 0.040865384615384616 0.08052884615384616
163 0.10817307692307693 0.23677884615384615 0.03485576923076923 0.08533653846153846
180 0.33052884615384615 0.030048076923076924 0.03245192307692308 0.051682692307692304
102 0.5384615384615384 0.3161057692307692 0.038461538461538464 0.0733173076923077
3 0.4182692307692308 0.3173076923076923 0.038461538461538464 0.07091346153846154
102 0.5372596153846154 0.45552884615384615 0.03485576923076923 0.06971153846153846
3 0.41947115384615385 0.4567307692307692 0.03485576923076923 0.07211538461538461
102 0.8004807692307693 0.5336538461538461 0.040865384615384616 0.07451923076923077
164 0.9098557692307693 0.5348557692307693 0.06129807692307692 0.10817307692307693
137 0.6706730769230769 0.5360576923076923 0.04567307692307692 0.078125
3 0.41947115384615385 0.6526442307692307 0.037259615384615384 0.07091346153846154
102 0.5372596153846154 0.65625 0.04447115384615385 0.0733173076923077
160 0.6706730769230769 0.7355769230769231 0.040865384615384616 0.08052884615384616
102 0.5384615384615384 0.8016826923076923 0.038461538461538464 0.07572115384615384
3 0.4206730769230769 0.8016826923076923 0.038461538461538464 0.06850961538461539
163 0.8533653846153846 0.11538461538461539 0.042067307692307696 0.09134615384615384
3 0.4170673076923077 0.15504807692307693 0.038461538461538464 0.07451923076923077
102 0.5360576923076923 0.15625 0.040865384615384616 0.07692307692307693