109 0.0889423076923077 0.18629807692307693 0.08052884615384616 0.13942307692307693
37 0.390625 0.203125 0.054086538461538464 0.0829326923076923
136 0.22716346153846154 0.29447115384615385 0.046875 0.07091346153846154
178 0.09014423076923077 0.2980769230769231 0.07692307692307693 0.08173076923076923
179 0.7584134615384616 0.29927884615384615 0.04447115384615385 0.06850961538461539
119 0.5961538461538461 0.30408653846153844 0.054086538461538464 0.08173076923076923
3 0.39903846153846156 0.38221153846153844 0.036057692307692304 0.052884615384615384
109 0.09014423076923077 0.3918269230769231 0.051682692307692304 0.10336538461538461
102 0.5805288461538461 0.46033653846153844 0.06129807692307692 0.09254807692307693
102 0.49399038461538464 0.46274038461538464 0.05889423076923077 0.09014423076923077
137 0.2920673076923077 0.4639423076923077 0.038461538461538464 0.057692307692307696
102 0.7103365384615384 0.4639423076923077 0.051682692307692304 0.0889423076923077
3 0.39903846153846156 0.4651442307692308 0.03485576923076923 0.052884615384615384
3 0.39903846153846156 0.5480769230769231 0.039663461538461536 0.055288461538461536
136 0.22355769230769232 0.5564903846153846 0.04447115384615385 0.06971153846153846
128 0.5889423076923077 0.6310096153846154 0.03485576923076923 0.055288461538461536
128 0.640625 0.6310096153846154 0.039663461538461536 0.055288461538461536
53 0.7067307692307693 0.6310096153846154 0.036057692307692304 0.056490384615384616
28 0.7884615384615384 0.07211538461538461 0.057692307692307696 0.08413461538461539
36 0.3485576923076923 0.8497596153846154 0.0625 0.09615384615384616
33 0.4579326923076923 0.8497596153846154 0.06490384615384616 0.09254807692307693
137 0.6069711538461539 0.09254807692307693 0.04326923076923077 0.07572115384615384
137 0.6826923076923077 0.09254807692307693 0.03365384615384615 0.06370192307692307
137 0.5168269230769231 0.09495192307692307 0.04807692307692308 0.0733173076923077
144 0.7776442307692307 0.16947115384615385 0.04567307692307692 0.06490384615384616
29 0.7692307692307693 0.8197115384615384 0.05889423076923077 0.08774038461538461