102 0.2932692307692308 0.31850961538461536 0.07451923076923077 0.13581730769230768
3 0.18629807692307693 0.31850961538461536 0.078125 0.14182692307692307
55 0.8233173076923077 0.33052884615384615 0.06971153846153846 0.13701923076923078
55 0.48677884615384615 0.3329326923076923 0.07091346153846154 0.13581730769230768
12 0.6634615384615384 0.33413461538461536 0.06850961538461539 0.13341346153846154
177 0.052884615384615384 0.33533653846153844 0.06971153846153846 0.1310096153846154
132 0.16346153846153846 0.038461538461538464 0.036057692307692304 0.07451923076923077
55 0.8233173076923077 0.4639423076923077 0.0673076923076923 0.12139423076923077
55 0.8233173076923077 0.5925480769230769 0.06850961538461539 0.12860576923076922
128 0.45275940625 0.7723695649038462 0.5213568990384615 0.7723695649038462 0.5213568990384615 0.639282608173077 0.45275940625 0.639282608173077 0.45275940625 0.7723695649038462
137 0.21995192307692307 0.7235576923076923 0.04447115384615385 0.09735576923076923
136 0.4735576923076923 0.16826923076923078 0.039663461538461536 0.06850961538461539
171 0.051682692307692304 0.53125 0.06009615384615385 0.11538461538461539