52 0.7848557692307693 0.33653846153846156 0.040865384615384616 0.055288461538461536
63 0.7836538461538461 0.4831730769230769 0.037259615384615384 0.07211538461538461
55 0.8858173076923077 0.484375 0.037259615384615384 0.07091346153846154
171 0.02403846153846154 0.5096153846153846 0.039663461538461536 0.08173076923076923
102 0.21153846153846154 0.5120192307692307 0.03365384615384615 0.07091346153846154
3 0.12379807692307693 0.5144230769230769 0.03485576923076923 0.06850961538461539
137 0.41586538461538464 0.6454326923076923 0.03245192307692308 0.07572115384615384
17 0.34134615384615385 0.07211538461538461 0.038461538461538464 0.07211538461538461
171 0.02283653846153846 0.07451923076923077 0.037259615384615384 0.07451923076923077
53 0.7355769230769231 0.8401442307692307 0.03485576923076923 0.0733173076923077
137 0.8774038461538461 0.8401442307692307 0.03485576923076923 0.0733173076923077
137 0.8064903846153846 0.8401442307692307 0.03365384615384615 0.078125
36 0.22956730769230768 0.07451923076923077 0.03365384615384615 0.06971153846153846
1 0.6959134615384616 0.6466346153846154 0.03485576923076923 0.07572115384615384
37 0.12379807692307693 0.35216346153846156 0.038461538461538464 0.078125