109 0.9567307692307693 0.24519230769230768 0.054086538461538464 0.11899038461538461
59 0.6706730769230769 0.28125 0.0625 0.0889423076923077
180 0.027644230769230768 0.030048076923076924 0.055288461538461536 0.06009615384615385
180 0.20192307692307693 0.03245192307692308 0.056490384615384616 0.06370192307692307
55 0.06370192307692307 0.3389423076923077 0.07451923076923077 0.10817307692307693
55 0.38341346153846156 0.5120192307692307 0.078125 0.10216346153846154
55 0.27524038461538464 0.5168269230769231 0.0829326923076923 0.1201923076923077
55 0.6201923076923077 0.5192307692307693 0.078125 0.10697115384615384
55 0.7932692307692307 0.5204326923076923 0.07692307692307693 0.10336538461538461
55 0.484375 0.5216346153846154 0.07451923076923077 0.10697115384615384
96 0.17427884615384615 0.5745192307692307 0.055288461538461536 0.08774038461538461
148 0.06610576923076923 0.6274038461538461 0.052884615384615384 0.09615384615384616
55 0.27524038461538464 0.7091346153846154 0.078125 0.10576923076923077
171 0.9543269230769231 0.07451923076923077 0.0733173076923077 0.09375
128 0.7908653846153846 0.7824519230769231 0.05889423076923077 0.09014423076923077
128 0.5961538461538461 0.7872596153846154 0.06009615384615385 0.09134615384615384
62 0.40865384615384615 0.7908653846153846 0.0829326923076923 0.11177884615384616
137 0.4639423076923077 0.125 0.07692307692307693 0.12139423076923077
136 0.7944711538461539 0.12620192307692307 0.0673076923076923 0.11057692307692307
32 0.6694711538461539 0.12860576923076922 0.07692307692307693 0.10697115384615384
55 0.057692307692307696 0.15384615384615385 0.078125 0.11298076923076923
173 0.16947115384615385 0.15504807692307693 0.05048076923076923 0.09134615384615384
28 0.34134615384615385 0.22235576923076922 0.08052884615384616 0.11778846153846154