59 0.40865384615384615 0.234375 0.05889423076923077 0.09134615384615384
53 0.13581730769230768 0.7079326923076923 0.051682692307692304 0.09975961538461539
53 0.21995192307692307 0.7055288461538461 0.052884615384615384 0.1045673076923077
53 0.31009615384615385 0.703125 0.051682692307692304 0.11057692307692307
136 0.45552884615384615 0.05889423076923077 0.055288461538461536 0.11778846153846154
32 0.8197115384615384 0.057692307692307696 0.06009615384615385 0.11538461538461539
142 0.8293269230769231 0.3173076923076923 0.055288461538461536 0.1045673076923077
28 0.8317307692307693 0.5132211538461539 0.05048076923076923 0.1045673076923077
53 0.8365384615384616 0.7259615384615384 0.06610576923076923 0.12379807692307693
59 0.5733173076923077 0.5889423076923077 0.04567307692307692 0.08413461538461539
137 0.9459134615384616 0.3076923076923077 0.06370192307692307 0.125
102 0.9483173076923077 0.5144230769230769 0.055288461538461536 0.10216346153846154
140 0.9495192307692307 0.7247596153846154 0.054086538461538464 0.10216346153846154