136 0.5060096153846154 0.11778846153846154 0.046875 0.05889423076923077
180 0.056490384615384616 0.14302884615384615 0.042067307692307696 0.04927884615384615
137 0.9194711538461539 0.21754807692307693 0.046875 0.05889423076923077
32 0.5048076923076923 0.21875 0.056490384615384616 0.057692307692307696
59 0.5060096153846154 0.3401442307692308 0.04807692307692308 0.06370192307692307
125 0.6033653846153846 0.3786057692307692 0.04567307692307692 0.055288461538461536
125 0.20192307692307693 0.38221153846153844 0.051682692307692304 0.06009615384615385
12 0.5048076923076923 0.4362980769230769 0.04326923076923077 0.05048076923076923
55 0.703125 0.45552884615384615 0.06129807692307692 0.06850961538461539
55 0.3112980769230769 0.4567307692307692 0.05889423076923077 0.07211538461538461
171 0.39903846153846156 0.055288461538461536 0.054086538461538464 0.06850961538461539
59 0.5060096153846154 0.5673076923076923 0.046875 0.056490384615384616
171 0.6141826923076923 0.05889423076923077 0.06129807692307692 0.06850961538461539
125 0.6033653846153846 0.5985576923076923 0.04927884615384615 0.057692307692307696
125 0.20072115384615385 0.5985576923076923 0.05048076923076923 0.06129807692307692
12 0.5060096153846154 0.6550480769230769 0.040865384615384616 0.051682692307692304
55 0.7043269230769231 0.6730769230769231 0.056490384615384616 0.06490384615384616
55 0.31009615384615385 0.6730769230769231 0.06129807692307692 0.06971153846153846
123 0.6045673076923077 0.8173076923076923 0.046875 0.056490384615384616
123 0.20072115384615385 0.8185096153846154 0.04927884615384615 0.05889423076923077
128 0.7067307692307693 0.8497596153846154 0.042067307692307696 0.055288461538461536
128 0.3112980769230769 0.8521634615384616 0.04567307692307692 0.055288461538461536