163 0.06129807692307692 0.23557692307692307 0.04447115384615385 0.10697115384615384
177 0.06129807692307692 0.6682692307692307 0.055288461538461536 0.09735576923076923
180 0.15745192307692307 0.06971153846153846 0.030048076923076924 0.054086538461538464
166 0.20192307692307693 0.18990384615384615 0.06610576923076923 0.12139423076923077
137 0.38822115384615385 0.1935096153846154 0.0733173076923077 0.12740384615384615
74 0.5492788461538461 0.19471153846153846 0.06971153846153846 0.11298076923076923
74 0.2776442307692308 0.49158653846153844 0.06850961538461539 0.125
74 0.48677884615384615 0.4206730769230769 0.0733173076923077 0.12259615384615384
74 0.45072115384615385 0.6286057692307693 0.07211538461538461 0.12139423076923077
104 0.23197115384615385 0.6262019230769231 0.0733173076923077 0.12980769230769232
74 0.23798076923076922 0.8353365384615384 0.06971153846153846 0.11899038461538461
3 0.46033653846153844 0.8329326923076923 0.0673076923076923 0.11778846153846154
59 0.6057692307692307 0.8377403846153846 0.06850961538461539 0.12259615384615384
104 0.7512019230769231 0.19591346153846154 0.06610576923076923 0.11658653846153846
64 0.7536057692307693 0.8329326923076923 0.06971153846153846 0.12139423076923077
128 0.8966346153846154 0.8425480769230769 0.06971153846153846 0.11899038461538461
102 0.8918269230769231 0.5997596153846154 0.06850961538461539 0.11899038461538461
141 0.8846153846153846 0.3954326923076923 0.06850961538461539 0.12259615384615384
28 0.8834134615384616 0.19110576923076922 0.0673076923076923 0.1201923076923077