177 0.8055063918269231 0.13340707932692308 0.8797050144230769 0.13340707932692308 0.8797050144230769 0.05825663701923077 0.8055063918269231 0.05825663701923077 0.8055063918269231 0.13340707932692308
55 0.2620192307692308 0.14543269230769232 0.09254807692307693 0.06610576923076923
136 0.5961538461538461 0.1502403846153846 0.06971153846153846 0.06370192307692307
95 0.7283653846153846 0.15264423076923078 0.0733173076923077 0.06850961538461539
109 0.8425480769230769 0.18389423076923078 0.054086538461538464 0.0673076923076923
171 0.9579326923076923 0.21634615384615385 0.07211538461538461 0.06370192307692307
12 0.41346153846153844 0.25 0.08413461538461539 0.07091346153846154
59 0.5036057692307693 0.2512019230769231 0.0625 0.06610576923076923
32 0.5949519230769231 0.25240384615384615 0.07692307692307693 0.0673076923076923
159 0.8425480769230769 0.27403846153846156 0.08653846153846154 0.06370192307692307
62 0.6442307692307693 0.35216346153846156 0.06009615384615385 0.051682692307692304
137 0.5637019230769231 0.35216346153846156 0.06490384615384616 0.04567307692307692
102 0.38341346153846156 0.45552884615384615 0.051682692307692304 0.039663461538461536
65 0.2920673076923077 0.45913461538461536 0.06850961538461539 0.04567307692307692
181 0.5372596153846154 0.46033653846153844 0.06129807692307692 0.055288461538461536
26 0.18990384615384615 0.46033653846153844 0.06850961538461539 0.054086538461538464
95 0.4098557692307692 0.5600961538461539 0.06129807692307692 0.05048076923076923
3 0.6189903846153846 0.5649038461538461 0.056490384615384616 0.055288461538461536
180 0.7247596153846154 0.05889423076923077 0.07451923076923077 0.06850961538461539
171 0.9074519230769231 0.8389423076923077 0.07932692307692307 0.07211538461538461
87 0.8100961538461539 0.8389423076923077 0.05889423076923077 0.03485576923076923
139 0.20072115384615385 0.23076923076923078 0.04807692307692308 0.04927884615384615
139 0.2512019230769231 0.23076923076923078 0.051682692307692304 0.051682692307692304
139 0.30408653846153844 0.22956730769230768 0.054086538461538464 0.05048076923076923
139 0.19951923076923078 0.28125 0.051682692307692304 0.046875
139 0.25240384615384615 0.2824519230769231 0.04927884615384615 0.04927884615384615
139 0.30288461538461536 0.28125 0.051682692307692304 0.04567307692307692
139 0.20072115384615385 0.3317307692307692 0.051682692307692304 0.04927884615384615
139 0.2548076923076923 0.3317307692307692 0.051682692307692304 0.051682692307692304
105 0.6201923076923077 0.4579326923076923 0.054086538461538464 0.04807692307692308
95 0.7139423076923077 0.8377403846153846 0.06009615384615385 0.05889423076923077
152 0.20072115384615385 0.640625 0.051682692307692304 0.04927884615384615