32 0.5012019230769231 0.1622596153846154 0.056490384615384616 0.0733173076923077
171 0.0733173076923077 0.19230769230769232 0.07932692307692307 0.09735576923076923
171 0.9314903846153846 0.20072115384615385 0.08173076923076923 0.10336538461538461
125 0.3112980769230769 0.2920673076923077 0.018028846153846152 0.02403846153846154
125 0.5769230769230769 0.2932692307692308 0.019230769230769232 0.026442307692307692
95 0.5048076923076923 0.03485576923076923 0.0829326923076923 0.06850961538461539
137 0.23677884615384615 0.3473557692307692 0.054086538461538464 0.07211538461538461
1 0.5540865384615384 0.359375 0.056490384615384616 0.07451923076923077
81 0.07451923076923077 0.41466346153846156 0.08653846153846154 0.09495192307692307
81 0.9326923076923077 0.41586538461538464 0.08533653846153846 0.09375
123 0.31009615384615385 0.4987980769230769 0.019230769230769232 0.025240384615384616
55 0.328125 0.5504807692307693 0.02283653846153846 0.030048076923076924
55 0.5961538461538461 0.5516826923076923 0.021634615384615384 0.026442307692307692
42 0.41947115384615385 0.6033653846153846 0.042067307692307696 0.037259615384615384
42 0.6887019230769231 0.6033653846153846 0.04326923076923077 0.037259615384615384
42 0.3557692307692308 0.6045673076923077 0.04927884615384615 0.038461538461538464
42 0.6237980769230769 0.6045673076923077 0.04447115384615385 0.039663461538461536
42 0.484375 0.6057692307692307 0.042067307692307696 0.038461538461538464
42 0.7548076923076923 0.6057692307692307 0.04326923076923077 0.03245192307692308
63 0.23677884615384615 0.6117788461538461 0.057692307692307696 0.07572115384615384
162 0.9350961538461539 0.65625 0.06129807692307692 0.06490384615384616
123 0.3112980769230769 0.7427884615384616 0.019230769230769232 0.02403846153846154
142 0.23677884615384615 0.8064903846153846 0.05889423076923077 0.07211538461538461
62 0.5540865384615384 0.8064903846153846 0.056490384615384616 0.07211538461538461
53 0.6561962884615385 0.85105853125 0.7237451177884615 0.85105853125 0.7237451177884615 0.7626151923076924 0.6561962884615385 0.7626151923076924 0.6561962884615385 0.85105853125
53 0.37997558653846153 0.8486924038461539 0.45693847596153847 0.8486924038461539 0.45693847596153847 0.7661768365384615 0.37997558653846153 0.7661768365384615 0.37997558653846153 0.8486924038461539
180 0.15264423076923078 0.11177884615384616 0.018028846153846152 0.02403846153846154