3 0.3629807692307692 0.25240384615384615 0.06850961538461539 0.1346153846153846
102 0.49158653846153844 0.25600961538461536 0.06370192307692307 0.11298076923076923
11 0.6105769230769231 0.2608173076923077 0.07211538461538461 0.11778846153846154
177 0.07572115384615384 0.328125 0.07932692307692307 0.14423076923076922
148 0.9423076923076923 0.3401442307692308 0.08173076923076923 0.15745192307692307
136 0.203125 0.34615384615384615 0.06971153846153846 0.12259615384615384
37 0.765625 0.3581730769230769 0.07451923076923077 0.13341346153846154
166 0.3641826923076923 0.4795673076923077 0.06610576923076923 0.109375
137 0.4879807692307692 0.4807692307692308 0.07572115384615384 0.12139423076923077
1 0.5096153846153846 0.7199519230769231 0.07091346153846154 0.11538461538461539
1 0.6262019230769231 0.7223557692307693 0.06971153846153846 0.12139423076923077
102 0.3737980769230769 0.7908653846153846 0.06490384615384616 0.10336538461538461
180 0.16346153846153846 0.051682692307692304 0.026442307692307692 0.042067307692307696