109 0.11538461538461539 0.26802884615384615 0.03245192307692308 0.08653846153846154
95 0.1141826923076923 0.4206730769230769 0.06370192307692307 0.07692307692307693
109 0.11658653846153846 0.5805288461538461 0.046875 0.08653846153846154
136 0.2620192307692308 0.4230769230769231 0.04807692307692308 0.078125
180 0.34134615384615385 0.2764423076923077 0.05889423076923077 0.07932692307692307
137 0.39302884615384615 0.5997596153846154 0.042067307692307696 0.07932692307692307
59 0.6117788461538461 0.26322115384615385 0.04326923076923077 0.0733173076923077
12 0.6117788461538461 0.3870192307692308 0.038461538461538464 0.06129807692307692
12 0.6983173076923077 0.3870192307692308 0.036057692307692304 0.06370192307692307
59 0.65625 0.5192307692307693 0.042067307692307696 0.07211538461538461
12 0.6358173076923077 0.6574519230769231 0.030048076923076924 0.056490384615384616
12 0.6742788461538461 0.6586538461538461 0.03365384615384615 0.0625
54 0.6370192307692307 0.7379807692307693 0.028846153846153848 0.052884615384615384
54 0.6754807692307693 0.7415865384615384 0.028846153846153848 0.054086538461538464
28 0.8377403846153846 0.5120192307692307 0.046875 0.07932692307692307
27 0.8353365384615384 0.6574519230769231 0.056490384615384616 0.06850961538461539
169 0.8365384615384616 0.8137019230769231 0.057692307692307696 0.10336538461538461
128 0.6105769230769231 0.8329326923076923 0.040865384615384616 0.0625
128 0.7007211538461539 0.8305288461538461 0.039663461538461536 0.06610576923076923