61 0.15384615384615385 0.15384615384615385 0.05889423076923077 0.07932692307692307
61 0.29447115384615385 0.15625 0.057692307692307696 0.078125
61 0.4362980769230769 0.15625 0.057692307692307696 0.07572115384615384
95 0.8581730769230769 0.21995192307692307 0.07091346153846154 0.06850961538461539
137 0.15264423076923078 0.2548076923076923 0.04807692307692308 0.06850961538461539
32 0.2956730769230769 0.25600961538461536 0.057692307692307696 0.08052884615384616
59 0.28966346153846156 0.40024038461538464 0.054086538461538464 0.0733173076923077
148 0.90625 0.453125 0.04927884615384615 0.09254807692307693
148 0.7788461538461539 0.4567307692307692 0.046875 0.08774038461538461
148 0.8425480769230769 0.4567307692307692 0.046875 0.08774038461538461
55 0.4639423076923077 0.5228365384615384 0.054086538461538464 0.08052884615384616
55 0.11899038461538461 0.5240384615384616 0.057692307692307696 0.078125
55 0.20432692307692307 0.5240384615384616 0.057692307692307696 0.078125
55 0.3798076923076923 0.5240384615384616 0.057692307692307696 0.078125
148 0.7788461538461539 0.578125 0.052884615384615384 0.08173076923076923
148 0.90625 0.5805288461538461 0.055288461538461536 0.09014423076923077
148 0.8425480769230769 0.5817307692307693 0.051682692307692304 0.08533653846153846
174 0.7007211538461539 0.6358173076923077 0.05889423076923077 0.08052884615384616
174 0.546875 0.6370192307692307 0.054086538461538464 0.07211538461538461
137 0.2956730769230769 0.6971153846153846 0.04807692307692308 0.0733173076923077
55 0.16466346153846154 0.6983173076923077 0.06009615384615385 0.07451923076923077
55 0.4254807692307692 0.6995192307692307 0.06129807692307692 0.078125
171 0.5709134615384616 0.0733173076923077 0.06490384615384616 0.08533653846153846
128 0.4230769230769231 0.8293269230769231 0.05048076923076923 0.0733173076923077
128 0.1658653846153846 0.8317307692307693 0.04567307692307692 0.06971153846153846
128 0.9086538461538461 0.8329326923076923 0.05048076923076923 0.07692307692307693
128 0.8425480769230769 0.8341346153846154 0.056490384615384616 0.07572115384615384
128 0.7776442307692307 0.8353365384615384 0.05048076923076923 0.08052884615384616
50 0.6274038461538461 0.8485576923076923 0.06370192307692307 0.0985576923076923
180 0.04927884615384615 0.3605769230769231 0.052884615384615384 0.04807692307692308