109 0.04807692307692308 0.13822115384615385 0.06129807692307692 0.1310096153846154
109 0.04927884615384615 0.3016826923076923 0.06610576923076923 0.12860576923076922
109 0.04927884615384615 0.6706730769230769 0.057692307692307696 0.13942307692307693
109 0.046875 0.8377403846153846 0.054086538461538464 0.12740384615384615
50 0.1466346153846154 0.1346153846153846 0.06850961538461539 0.12980769230769232
50 0.1466346153846154 0.3016826923076923 0.0673076923076923 0.12379807692307693
50 0.1466346153846154 0.671875 0.06971153846153846 0.12620192307692307
50 0.1466346153846154 0.8365384615384616 0.07211538461538461 0.12620192307692307
174 0.2536057692307692 0.13341346153846154 0.07451923076923077 0.12620192307692307
174 0.2548076923076923 0.30408653846153844 0.0733173076923077 0.12259615384615384
174 0.2548076923076923 0.6694711538461539 0.07692307692307693 0.12740384615384615
174 0.2536057692307692 0.8377403846153846 0.06850961538461539 0.12379807692307693
50 0.3545673076923077 0.1310096153846154 0.0673076923076923 0.1346153846153846
50 0.35336538461538464 0.671875 0.06850961538461539 0.13581730769230768
50 0.3557692307692308 0.8401442307692307 0.07091346153846154 0.11899038461538461
50 0.3557692307692308 0.30649038461538464 0.07091346153846154 0.11899038461538461
55 0.4723557692307692 0.21634615384615385 0.07211538461538461 0.12740384615384615
55 0.4699519230769231 0.7524038461538461 0.06971153846153846 0.13221153846153846
148 0.5661057692307693 0.2127403846153846 0.056490384615384616 0.12980769230769232
148 0.5649038461538461 0.7548076923076923 0.06490384615384616 0.11778846153846154
95 0.7620192307692307 0.4951923076923077 0.0625 0.109375
180 0.8509615384615384 0.3545673076923077 0.054086538461538464 0.10216346153846154
180 0.8569711538461539 0.5240384615384616 0.06850961538461539 0.109375
180 0.9387019230769231 0.4338942307692308 0.06370192307692307 0.109375