180 0.2800480769230769 0.13341346153846154 0.08653846153846154 0.1201923076923077
23 0.14302884615384615 0.16947115384615385 0.07091346153846154 0.13822115384615385
53 0.6398206009615385 0.26795717548076925 0.7028993052884616 0.26795717548076925 0.7028993052884616 0.14016782451923077 0.6398206009615385 0.14016782451923077 0.6398206009615385 0.26795717548076925
55 0.5120192307692307 0.25600961538461536 0.06971153846153846 0.14423076923076922
59 0.38822115384615385 0.2932692307692308 0.054086538461538464 0.12980769230769232
136 0.3004807692307692 0.29447115384615385 0.04807692307692308 0.11899038461538461
23 0.14423076923076922 0.359375 0.0673076923076923 0.1346153846153846
137 0.6730769230769231 0.40625 0.07091346153846154 0.14423076923076922
23 0.14423076923076922 0.5516826923076923 0.06850961538461539 0.13341346153846154
32 0.5564903846153846 0.6009615384615384 0.055288461538461536 0.11057692307692307
23 0.4110576923076923 0.8605769230769231 0.06370192307692307 0.125
23 0.5024038461538461 0.8605769230769231 0.06850961538461539 0.125
23 0.5877403846153846 0.8617788461538461 0.07211538461538461 0.12620192307692307
148 0.36778846153846156 0.5192307692307693 0.05048076923076923 0.12259615384615384
148 0.6358173076923077 0.5973557692307693 0.04927884615384615 0.1201923076923077
148 0.8293269230769231 0.6213942307692307 0.05048076923076923 0.1201923076923077