64 0.6490384615384616 0.7980769230769231 0.06009615384615385 0.09014423076923077
74 0.5721153846153846 0.8569711538461539 0.06009615384615385 0.09014423076923077
63 0.7211538461538461 0.859375 0.04567307692307692 0.0829326923076923
39 0.39903846153846156 0.90625 0.057692307692307696 0.08413461538461539
102 0.3918269230769231 0.12860576923076922 0.037259615384615384 0.06850961538461539
53 0.25 0.1310096153846154 0.057692307692307696 0.09975961538461539
137 0.734375 0.13822115384615385 0.055288461538461536 0.10216346153846154
102 0.5396634615384616 0.14423076923076922 0.06009615384615385 0.0889423076923077
10 0.6298076923076923 0.1466346153846154 0.06009615384615385 0.09735576923076923
137 0.9242788461538461 0.14903846153846154 0.0625 0.0985576923076923
19 0.8269230769230769 0.15144230769230768 0.040865384615384616 0.10216346153846154
37 0.24639423076923078 0.2692307692307692 0.08533653846153846 0.09254807692307693
180 0.09735576923076923 0.03125 0.030048076923076924 0.055288461538461536
123 0.5240384615384616 0.3473557692307692 0.025240384615384616 0.04326923076923077
137 0.8653846153846154 0.3713942307692308 0.06370192307692307 0.10697115384615384
113 0.6983173076923077 0.45072115384615385 0.04927884615384615 0.0985576923076923
137 0.2512019230769231 0.4639423076923077 0.06490384615384616 0.08653846153846154
9 0.4362980769230769 0.4639423076923077 0.04927884615384615 0.08653846153846154
32 0.14423076923076922 0.4723557692307692 0.06610576923076923 0.08653846153846154
171 0.03125 0.47475961538461536 0.04447115384615385 0.08653846153846154
3 0.35697115384615385 0.47596153846153844 0.06129807692307692 0.08653846153846154
36 0.8701923076923077 0.5504807692307693 0.06009615384615385 0.0625
102 0.5973557692307693 0.5949519230769231 0.06490384615384616 0.07091346153846154
3 0.3918269230769231 0.6442307692307693 0.06971153846153846 0.07451923076923077
33 0.8737980769230769 0.7055288461538461 0.046875 0.08653846153846154
137 0.265625 0.7668269230769231 0.04807692307692308 0.0673076923076923
139 0.3954326923076923 0.7680288461538461 0.052884615384615384 0.0829326923076923
6 0.15625 0.7704326923076923 0.05889423076923077 0.07451923076923077
65 0.6995192307692307 0.5925480769230769 0.04567307692307692 0.078125
90 0.8725961538461539 0.859375 0.038461538461538464 0.06610576923076923
102 0.59375 0.4579326923076923 0.040865384615384616 0.06850961538461539