3 0.3545673076923077 0.234375 0.07451923076923077 0.18269230769230768
102 0.5264423076923077 0.23677884615384615 0.07932692307692307 0.17668269230769232
137 0.7007211538461539 0.23798076923076922 0.07932692307692307 0.17908653846153846
102 0.8846153846153846 0.35336538461538464 0.07692307692307693 0.1778846153846154
129 0.24759615384615385 0.4987980769230769 0.030048076923076924 0.07211538461538461
177 0.0625 0.5072115384615384 0.054086538461538464 0.13221153846153846
6 0.18990384615384615 0.515625 0.07572115384615384 0.17548076923076922
63 0.8882211538461539 0.6045673076923077 0.07692307692307693 0.16346153846153846
102 0.5264423076923077 0.7608173076923077 0.078125 0.17307692307692307
53 0.6983173076923077 0.7620192307692307 0.08173076923076923 0.1658653846153846
3 0.35336538461538464 0.7644230769230769 0.07692307692307693 0.18028846153846154
180 0.14903846153846154 0.09014423076923077 0.040865384615384616 0.09134615384615384