180 0.038461538461538464 0.026442307692307692 0.07692307692307693 0.052884615384615384
29 0.16105769230769232 0.09014423076923077 0.07211538461538461 0.09134615384615384
28 0.16466346153846154 0.22235576923076922 0.0673076923076923 0.09014423076923077
32 0.25721153846153844 0.21995192307692307 0.078125 0.09134615384615384
137 0.36538461538461536 0.07211538461538461 0.0733173076923077 0.10096153846153846
137 0.3641826923076923 0.19951923076923078 0.06370192307692307 0.08052884615384616
136 0.7151442307692307 0.06971153846153846 0.0673076923076923 0.07932692307692307
61 0.7235576923076923 0.19951923076923078 0.06971153846153846 0.08533653846153846
95 0.9098557692307693 0.13221153846153846 0.15264423076923078 0.10216346153846154
109 0.8737980769230769 0.2980769230769231 0.056490384615384616 0.08533653846153846
177 0.9639423076923077 0.29927884615384615 0.07211538461538461 0.08653846153846154
125 0.14302884615384615 0.375 0.04567307692307692 0.051682692307692304
125 0.515625 0.3713942307692308 0.04567307692307692 0.055288461538461536
125 0.5168269230769231 0.6346153846153846 0.042067307692307696 0.054086538461538464
125 0.14423076923076922 0.6334134615384616 0.04326923076923077 0.051682692307692304
55 0.1935096153846154 0.4987980769230769 0.06971153846153846 0.07572115384615384
55 0.609375 0.4963942307692308 0.06610576923076923 0.078125
95 0.39663461538461536 0.3076923076923077 0.06850961538461539 0.07211538461538461
59 0.39783653846153844 0.43509615384615385 0.0625 0.0733173076923077
174 0.390625 0.6189903846153846 0.06610576923076923 0.07451923076923077
53 0.17307692307692307 0.7175480769230769 0.057692307692307696 0.08052884615384616
53 0.2608173076923077 0.7235576923076923 0.056490384615384616 0.0829326923076923
53 0.5396634615384616 0.7223557692307693 0.052884615384615384 0.08173076923076923
53 0.6237980769230769 0.7271634615384616 0.05889423076923077 0.07692307692307693