59 0.38341346153846156 0.11057692307692307 0.06490384615384616 0.09495192307692307
176 0.6298076923076923 0.25721153846153844 0.06129807692307692 0.07692307692307693
176 0.16466346153846154 0.25721153846153844 0.06129807692307692 0.08173076923076923
95 0.9146634615384616 0.3701923076923077 0.09375 0.09615384615384616
95 0.7333345673076923 0.41976755769230767 0.8064581802884615 0.41976755769230767 0.8064581802884615 0.34355588461538467 0.7333345673076923 0.34355588461538467 0.7333345673076923 0.41976755769230767
59 0.38221153846153844 0.40625 0.06490384615384616 0.09375
55 0.16466346153846154 0.5504807692307693 0.06610576923076923 0.09014423076923077
55 0.6322115384615384 0.5504807692307693 0.07211538461538461 0.09375
12 0.38221153846153844 0.5564903846153846 0.0673076923076923 0.0889423076923077
53 0.16706730769230768 0.8209134615384616 0.06370192307692307 0.0829326923076923
123 0.38341346153846156 0.8221153846153846 0.06129807692307692 0.08173076923076923
128 0.6322115384615384 0.8221153846153846 0.06850961538461539 0.09134615384615384