28 0.8521634615384616 0.15384615384615385 0.05889423076923077 0.0889423076923077
53 0.6057692307692307 0.19110576923076922 0.06370192307692307 0.09254807692307693
102 0.4483173076923077 0.19110576923076922 0.06490384615384616 0.09735576923076923
3 0.30649038461538464 0.1935096153846154 0.06490384615384616 0.09375
180 0.21995192307692307 0.025240384615384616 0.021634615384615384 0.03245192307692308
179 0.8533653846153846 0.2848557692307692 0.06129807692307692 0.09134615384615384
81 0.703125 0.3389423076923077 0.06850961538461539 0.09735576923076923
102 0.45072115384615385 0.40865384615384615 0.06370192307692307 0.09495192307692307
3 0.31009615384615385 0.4110576923076923 0.0625 0.09615384615384616
141 0.6081730769230769 0.6021634615384616 0.06370192307692307 0.09014423076923077
132 0.24158653846153846 0.06971153846153846 0.019230769230769232 0.030048076923076924
81 0.7067307692307693 0.7391826923076923 0.0673076923076923 0.0889423076923077
53 0.609375 0.8052884615384616 0.0625 0.09495192307692307
3 0.31009615384615385 0.8064903846153846 0.06490384615384616 0.09615384615384616
102 0.4495192307692308 0.8064903846153846 0.06370192307692307 0.09254807692307693
81 0.7019230769230769 0.11538461538461539 0.06610576923076923 0.10336538461538461