132 0.4110576923076923 0.21033653846153846 0.025240384615384616 0.03365384615384615
136 0.6225961538461539 0.22115384615384615 0.04326923076923077 0.057692307692307696
137 0.8293269230769231 0.25721153846153844 0.04927884615384615 0.05889423076923077
125 0.6586538461538461 0.27163461538461536 0.021634615384615384 0.03125
125 0.43990384615384615 0.28125 0.026442307692307692 0.03485576923076923
37 0.6213942307692307 0.28365384615384615 0.04447115384615385 0.055288461538461536
39 0.9098557692307693 0.33774038461538464 0.05889423076923077 0.07572115384615384
0 0.828125 0.3389423076923077 0.055288461538461536 0.07211538461538461
112 0.7283653846153846 0.3473557692307692 0.07091346153846154 0.08774038461538461
3 0.6105769230769231 0.4254807692307692 0.06129807692307692 0.07692307692307693
28 0.828125 0.4411057692307692 0.052884615384615384 0.06490384615384616
27 0.9074519230769231 0.44350961538461536 0.057692307692307696 0.06850961538461539
55 0.734375 0.46634615384615385 0.052884615384615384 0.0673076923076923
141 0.828125 0.5444711538461539 0.055288461538461536 0.0733173076923077
169 0.9074519230769231 0.5444711538461539 0.054086538461538464 0.0733173076923077
102 0.5348557692307693 0.5841346153846154 0.051682692307692304 0.06490384615384616
102 0.5913461538461539 0.5841346153846154 0.05048076923076923 0.06490384615384616
102 0.6442307692307693 0.5841346153846154 0.05048076923076923 0.0625
102 0.7019230769230769 0.5853365384615384 0.04807692307692308 0.06610576923076923
96 0.4074519230769231 0.625 0.04567307692307692 0.07211538461538461
50 0.3088942307692308 0.625 0.051682692307692304 0.06610576923076923
98 0.828125 0.6514423076923077 0.055288461538461536 0.07091346153846154
123 0.6466346153846154 0.65625 0.027644230769230768 0.03125
123 0.4423076923076923 0.65625 0.028846153846153848 0.03485576923076923
86 0.9110576923076923 0.6598557692307693 0.051682692307692304 0.06971153846153846
62 0.519365 0.74679375 0.5862350000000001 0.74679375 0.5862350000000001 0.67458125 0.519365 0.67458125 0.519365 0.74679375
62 0.66736 0.7484625 0.73284 0.7484625 0.73284 0.6758375 0.66736 0.6758375 0.66736 0.7484625
137 0.8317307692307693 0.7536057692307693 0.056490384615384616 0.0673076923076923
109 0.6947115384615384 0.08052884615384616 0.05048076923076923 0.07692307692307693
128 0.6646634615384616 0.8257211538461539 0.057692307692307696 0.07451923076923077
128 0.5793269230769231 0.8269230769230769 0.052884615384615384 0.07091346153846154
29 0.8305288461538461 0.8449519230769231 0.06129807692307692 0.07211538461538461