171 0.03485576923076923 0.2824519230769231 0.06971153846153846 0.11778846153846154
171 0.037259615384615384 0.6862980769230769 0.0733173076923077 0.11538461538461539
34 0.2536057692307692 0.2860576923076923 0.07572115384615384 0.109375
34 0.25240384615384615 0.6862980769230769 0.07572115384615384 0.10336538461538461
36 0.390625 0.10096153846153846 0.07932692307692307 0.109375
33 0.3918269230769231 0.28846153846153844 0.07211538461538461 0.109375
33 0.5336538461538461 0.2860576923076923 0.07572115384615384 0.10817307692307693
33 0.3942307692307692 0.6850961538461539 0.0733173076923077 0.11057692307692307
33 0.5432692307692307 0.6826923076923077 0.0733173076923077 0.10697115384615384
33 0.6911057692307693 0.6850961538461539 0.07451923076923077 0.1045673076923077
36 0.49038461538461536 0.8882211538461539 0.078125 0.11298076923076923
88 0.9411057692307693 0.3605769230769231 0.06490384615384616 0.06971153846153846
88 0.9459134615384616 0.890625 0.07211538461538461 0.07572115384615384
34 0.8665865384615384 0.6850961538461539 0.07451923076923077 0.11057692307692307
137 0.7872596153846154 0.22716346153846154 0.054086538461538464 0.08173076923076923
88 0.8581730769230769 0.2283653846153846 0.04927884615384615 0.057692307692307696
102 0.7872596153846154 0.06370192307692307 0.057692307692307696 0.0829326923076923
31 0.8581730769230769 0.06370192307692307 0.04927884615384615 0.08173076923076923
55 0.8581730769230769 0.1466346153846154 0.06009615384615385 0.0733173076923077
141 0.9338942307692307 0.14543269230769232 0.05048076923076923 0.07091346153846154
27 0.9326923076923077 0.06370192307692307 0.051682692307692304 0.0733173076923077
98 0.7872596153846154 0.1466346153846154 0.052884615384615384 0.07211538461538461