171 0.052884615384615384 0.5048076923076923 0.052884615384615384 0.08413461538461539
3 0.23798076923076922 0.3173076923076923 0.07211538461538461 0.12620192307692307
37 0.30528846153846156 0.10336538461538461 0.06490384615384616 0.12379807692307693
102 0.4110576923076923 0.3173076923076923 0.06610576923076923 0.11899038461538461
53 0.5853365384615384 0.3233173076923077 0.0625 0.109375
53 0.5817307692307693 0.12740384615384615 0.0625 0.11778846153846154
102 0.7091346153846154 0.12740384615384615 0.06370192307692307 0.12620192307692307
141 0.8401442307692307 0.12740384615384615 0.06490384615384616 0.11658653846153846
137 0.6009615384615384 0.5913461538461539 0.06850961538461539 0.11899038461538461
79 0.4110576923076923 0.5865384615384616 0.06490384615384616 0.12620192307692307
55 0.6069711538461539 0.8353365384615384 0.0673076923076923 0.11899038461538461
28 0.8894230769230769 0.8377403846153846 0.06971153846153846 0.11538461538461539
171 0.9350961538461539 0.4735576923076923 0.046875 0.08533653846153846