180 0.15144230769230768 0.0733173076923077 0.03125 0.038461538461538464
171 0.056490384615384616 0.22716346153846154 0.04326923076923077 0.057692307692307696
136 0.06009615384615385 0.45552884615384615 0.055288461538461536 0.0733173076923077
96 0.22115384615384615 0.4495192307692308 0.046875 0.06370192307692307
112 0.3401442307692308 0.27163461538461536 0.038461538461538464 0.051682692307692304
125 0.28846153846153844 0.17548076923076922 0.026442307692307692 0.036057692307692304
125 0.2860576923076923 0.53125 0.025240384615384616 0.03245192307692308
171 0.05889423076923077 0.6262019230769231 0.039663461538461536 0.06370192307692307
112 0.3389423076923077 0.6165865384615384 0.036057692307692304 0.055288461538461536
55 0.4639423076923077 0.2920673076923077 0.0625 0.08533653846153846
55 0.4639423076923077 0.5997596153846154 0.06129807692307692 0.08173076923076923
55 0.6550480769230769 0.2980769230769231 0.0625 0.0829326923076923
55 0.65625 0.5985576923076923 0.0625 0.08413461538461539
123 0.5757211538461539 0.515625 0.025240384615384616 0.03485576923076923
123 0.5757211538461539 0.1622596153846154 0.027644230769230768 0.037259615384615384
13 0.421875 0.21033653846153846 0.02403846153846154 0.03125
59 0.5649038461538461 0.4483173076923077 0.042067307692307696 0.052884615384615384
56 0.6706730769230769 0.4483173076923077 0.039663461538461536 0.054086538461538464
11 0.7944711538461539 0.2247596153846154 0.042067307692307696 0.055288461538461536
62 0.7956730769230769 0.31971153846153844 0.046875 0.052884615384615384
62 0.7956730769230769 0.5588942307692307 0.04447115384615385 0.051682692307692304
11 0.7944711538461539 0.6550480769230769 0.042067307692307696 0.057692307692307696
13 0.609375 0.21033653846153846 0.025240384615384616 0.03245192307692308