106 0.4831730769230769 0.14302884615384615 0.08052884615384616 0.051682692307692304
118 0.49399038461538464 0.2668269230769231 0.055288461538461536 0.07572115384615384
180 0.18990384615384615 0.41586538461538464 0.039663461538461536 0.04927884615384615
180 0.6045673076923077 0.42908653846153844 0.040865384615384616 0.054086538461538464
106 0.234375 0.46274038461538464 0.078125 0.05048076923076923
137 0.7548076923076923 0.47115384615384615 0.03365384615384615 0.04326923076923077
137 0.7175480769230769 0.47115384615384615 0.03365384615384615 0.051682692307692304
106 0.6382211538461539 0.48197115384615385 0.07572115384615384 0.04927884615384615
28 0.7319711538461539 0.5228365384615384 0.038461538461538464 0.040865384615384616
180 0.6057692307692307 0.6225961538461539 0.039663461538461536 0.046875
137 0.7560096153846154 0.6586538461538461 0.03245192307692308 0.04927884615384615
137 0.7163461538461539 0.6610576923076923 0.03125 0.04807692307692308
106 0.6370192307692307 0.6742788461538461 0.07932692307692307 0.04807692307692308
102 0.23317307692307693 0.6935096153846154 0.055288461538461536 0.0733173076923077
28 0.734375 0.7139423076923077 0.036057692307692304 0.03485576923076923
180 0.41586538461538464 0.0829326923076923 0.039663461538461536 0.052884615384615384
71 0.4723557692307692 0.8641826923076923 0.056490384615384616 0.07572115384615384