109 0.1875 0.07932692307692307 0.039663461538461536 0.0985576923076923
177 0.2800480769230769 0.078125 0.04807692307692308 0.07451923076923077
3 0.21995192307692307 0.4423076923076923 0.042067307692307696 0.08533653846153846
102 0.3269230769230769 0.44471153846153844 0.042067307692307696 0.07932692307692307
137 0.328125 0.609375 0.040865384615384616 0.078125
137 0.2536057692307692 0.7848557692307693 0.04326923076923077 0.08653846153846154
137 0.40024038461538464 0.7908653846153846 0.04447115384615385 0.08052884615384616
137 0.5420673076923077 0.7860576923076923 0.04567307692307692 0.08653846153846154
83 0.4651442307692308 0.7872596153846154 0.04447115384615385 0.08413461538461539
83 0.3269230769230769 0.7848557692307693 0.04326923076923077 0.08052884615384616
144 0.4831730769230769 0.609375 0.038461538461538464 0.078125
144 0.4807692307692308 0.4423076923076923 0.039663461538461536 0.07932692307692307
144 0.5817307692307693 0.5685096153846154 0.040865384615384616 0.0733173076923077
144 0.7055288461538461 0.6622596153846154 0.03365384615384615 0.078125
144 0.7800480769230769 0.6634615384615384 0.038461538461538464 0.0733173076923077
144 0.7788461538461539 0.7932692307692307 0.036057692307692304 0.07091346153846154
144 0.7055288461538461 0.7956730769230769 0.039663461538461536 0.07211538461538461
53 0.1658653846153846 0.7680288461538461 0.04326923076923077 0.08653846153846154
53 0.04807692307692308 0.6622596153846154 0.04567307692307692 0.08173076923076923
144 0.9242788461538461 0.6670673076923077 0.038461538461538464 0.08052884615384616
139 0.9230769230769231 0.7944711538461539 0.04567307692307692 0.07692307692307693
107 0.7451923076923077 0.5408653846153846 0.04567307692307692 0.0829326923076923