180 0.13701923076923078 0.16346153846153846 0.04567307692307692 0.055288461538461536
112 0.1875 0.30649038461538464 0.05048076923076923 0.08533653846153846
125 0.1778846153846154 0.2403846153846154 0.028846153846153848 0.052884615384615384
125 0.45552884615384615 0.24158653846153846 0.02403846153846154 0.052884615384615384
125 0.4543269230769231 0.47836538461538464 0.02403846153846154 0.05048076923076923
125 0.1778846153846154 0.4807692307692308 0.03245192307692308 0.057692307692307696
95 0.390625 0.21514423076923078 0.039663461538461536 0.07451923076923077
12 0.390625 0.30528846153846156 0.046875 0.06009615384615385
12 0.390625 0.5733173076923077 0.04447115384615385 0.06610576923076923
112 0.390625 0.46153846153846156 0.04447115384615385 0.08052884615384616
55 0.47115384615384615 0.328125 0.05889423076923077 0.10096153846153846
55 0.28125 0.3016826923076923 0.057692307692307696 0.09254807692307693
112 0.5889423076923077 0.3088942307692308 0.05048076923076923 0.0829326923076923
137 0.7247596153846154 0.5552884615384616 0.046875 0.09735576923076923
102 0.8040865384615384 0.5588942307692307 0.052884615384615384 0.09134615384615384
65 0.8990384615384616 0.5600961538461539 0.04927884615384615 0.09495192307692307
100 0.8966346153846154 0.3605769230769231 0.055288461538461536 0.0985576923076923
27 0.8954326923076923 0.7944711538461539 0.051682692307692304 0.0985576923076923
53 0.5372596153846154 0.7151442307692307 0.03485576923076923 0.07091346153846154
53 0.17427884615384615 0.7151442307692307 0.037259615384615384 0.0625
46 0.2403846153846154 0.7163461538461539 0.04326923076923077 0.0733173076923077
131 0.3076923076923077 0.7163461538461539 0.039663461538461536 0.07692307692307693