3 0.23918269230769232 0.3137019230769231 0.06370192307692307 0.11538461538461539
102 0.4110576923076923 0.3173076923076923 0.0625 0.12139423076923077
53 0.5841346153846154 0.32211538461538464 0.0673076923076923 0.12379807692307693
79 0.4110576923076923 0.5865384615384616 0.0625 0.11899038461538461
137 0.6009615384615384 0.5901442307692307 0.06610576923076923 0.12139423076923077
28 0.8894230769230769 0.8389423076923077 0.06610576923076923 0.12139423076923077
37 0.30528846153846156 0.10216346153846154 0.06490384615384616 0.12139423076923077
53 0.5805288461538461 0.12740384615384615 0.06610576923076923 0.11298076923076923
102 0.7103365384615384 0.12980769230769232 0.06370192307692307 0.12139423076923077
171 0.051682692307692304 0.5048076923076923 0.046875 0.08533653846153846
141 0.8401442307692307 0.12620192307692307 0.06850961538461539 0.11899038461538461
171 0.9326923076923077 0.4735576923076923 0.04567307692307692 0.08533653846153846
55 0.6069711538461539 0.8353365384615384 0.06850961538461539 0.12740384615384615