100 0.3088942307692308 0.265625 0.055288461538461536 0.0733173076923077
53 0.6550480769230769 0.27283653846153844 0.06971153846153846 0.08653846153846154
102 0.5228365384615384 0.27403846153846156 0.06370192307692307 0.08533653846153846
102 0.5228365384615384 0.4519230769230769 0.06129807692307692 0.09134615384615384
89 0.3088942307692308 0.46153846153846156 0.07091346153846154 0.08052884615384616
141 0.9038461538461539 0.5685096153846154 0.0625 0.07692307692307693
102 0.7776442307692307 0.5697115384615384 0.06490384615384616 0.08052884615384616
102 0.3125 0.625 0.07692307692307693 0.08413461538461539
102 0.5228365384615384 0.6418269230769231 0.0625 0.08533653846153846
53 0.6502403846153846 0.6454326923076923 0.06610576923076923 0.08052884615384616
53 0.6502403846153846 0.8581730769230769 0.07211538461538461 0.08533653846153846
102 0.5240384615384616 0.8629807692307693 0.0673076923076923 0.08533653846153846
53 0.9050480769230769 0.09014423076923077 0.0625 0.09375
102 0.7776442307692307 0.09134615384615384 0.06850961538461539 0.0889423076923077
100 0.6538461538461539 0.09375 0.057692307692307696 0.07451923076923077
100 0.5216346153846154 0.09615384615384616 0.06610576923076923 0.08413461538461539
137 0.3125 0.10096153846153846 0.06971153846153846 0.07692307692307693