171 0.07091346153846154 0.17548076923076922 0.052884615384615384 0.06009615384615385
125 0.36177884615384615 0.17908653846153846 0.021634615384615384 0.037259615384615384
125 0.44471153846153844 0.18269230769230768 0.020432692307692308 0.03485576923076923
64 0.6141826923076923 0.20673076923076922 0.030048076923076924 0.037259615384615384
52 0.5480769230769231 0.22956730769230768 0.021634615384615384 0.030048076923076924
37 0.25 0.23798076923076922 0.052884615384615384 0.054086538461538464
55 0.7151442307692307 0.2512019230769231 0.04326923076923077 0.06129807692307692
128 0.8353365384615384 0.25240384615384615 0.039663461538461536 0.0625
112 0.3942307692307692 0.2536057692307692 0.038461538461538464 0.06129807692307692
52 0.5877403846153846 0.2824519230769231 0.021634615384615384 0.02403846153846154
136 0.07211538461538461 0.39903846153846156 0.037259615384615384 0.06129807692307692
74 0.5829326923076923 0.39903846153846156 0.046875 0.04807692307692308
96 0.28846153846153844 0.39903846153846156 0.037259615384615384 0.055288461538461536
3 0.24158653846153846 0.40024038461538464 0.03125 0.042067307692307696
32 0.15865384615384615 0.4014423076923077 0.042067307692307696 0.06971153846153846
28 0.9483173076923077 0.41346153846153844 0.04447115384615385 0.0625
180 0.16947115384615385 0.042067307692307696 0.04326923076923077 0.04807692307692308
125 0.43990384615384615 0.48197115384615385 0.020432692307692308 0.030048076923076924
125 0.3605769230769231 0.4831730769230769 0.02283653846153846 0.03485576923076923
52 0.5492788461538461 0.4963942307692308 0.021634615384615384 0.026442307692307692
55 0.7151442307692307 0.515625 0.042067307692307696 0.05889423076923077
128 0.8401442307692307 0.5204326923076923 0.037259615384615384 0.055288461538461536
112 0.3954326923076923 0.5456730769230769 0.04447115384615385 0.06129807692307692
52 0.5889423076923077 0.5540865384615384 0.020432692307692308 0.02283653846153846
137 0.21153846153846154 0.5757211538461539 0.03365384615384615 0.046875
137 0.5817307692307693 0.0733173076923077 0.038461538461538464 0.055288461538461536
3 0.31971153846153844 0.7427884615384616 0.030048076923076924 0.057692307692307696
100 0.4026442307692308 0.7427884615384616 0.037259615384615384 0.06009615384615385
137 0.5084134615384616 0.7451923076923077 0.028846153846153848 0.052884615384615384
34 0.8149038461538461 0.7475961538461539 0.042067307692307696 0.052884615384615384
63 0.5829326923076923 0.75 0.037259615384615384 0.056490384615384616
33 0.6983173076923077 0.7512019230769231 0.04447115384615385 0.05889423076923077
36 0.6274038461538461 0.8305288461538461 0.04326923076923077 0.0733173076923077
102 0.4026442307692308 0.8810096153846154 0.03485576923076923 0.04447115384615385
171 0.890625 0.8834134615384616 0.051682692307692304 0.0625
1 0.4795673076923077 0.4026442307692308 0.03125 0.046875
42 0.6129807692307693 0.5637019230769231 0.025240384615384616 0.027644230769230768
42 0.5733173076923077 0.5048076923076923 0.02403846153846154 0.02403846153846154