132 0.16706730769230768 0.20192307692307693 0.051682692307692304 0.11298076923076923
145 0.7235576923076923 0.2860576923076923 0.10697115384615384 0.19831730769230768
177 0.05889423076923077 0.5709134615384616 0.06971153846153846 0.15985576923076922
57 0.6915896177884615 0.6427698413461538 0.7560665048076923 0.6427698413461538 0.7560665048076923 0.5100555552884616 0.6915896177884615 0.5100555552884616 0.6915896177884615 0.6427698413461538
37 0.8942307692307693 0.578125 0.09975961538461539 0.20552884615384615
102 0.5528846153846154 0.578125 0.06009615384615385 0.12980769230769232
176 0.21033653846153846 0.5793269230769231 0.09495192307692307 0.18990384615384615
3 0.38461538461538464 0.5805288461538461 0.10216346153846154 0.21033653846153846
180 0.14543269230769232 0.06971153846153846 0.056490384615384616 0.10216346153846154
171 0.05889423076923077 0.32211538461538464 0.07091346153846154 0.13942307692307693
171 0.06009615384615385 0.8245192307692307 0.06971153846153846 0.140625