123 0.5060096153846154 0.1814903846153846 0.027644230769230768 0.055288461538461536
123 0.7475961538461539 0.18509615384615385 0.028846153846153848 0.054086538461538464
123 0.27163461538461536 0.23317307692307693 0.030048076923076924 0.055288461538461536
11 0.8112980769230769 0.24639423076923078 0.055288461538461536 0.09615384615384616
74 0.5721153846153846 0.24759615384615385 0.054086538461538464 0.09254807692307693
136 0.18870192307692307 0.34615384615384615 0.040865384615384616 0.06490384615384616
59 0.33774038461538464 0.35216346153846156 0.057692307692307696 0.09134615384615384
175 0.07451923076923077 0.35697115384615385 0.051682692307692304 0.08653846153846154
123 0.7487980769230769 0.38221153846153844 0.03245192307692308 0.056490384615384616
123 0.5060096153846154 0.38341346153846156 0.026442307692307692 0.054086538461538464
74 0.5733173076923077 0.4338942307692308 0.054086538461538464 0.09254807692307693
11 0.8137019230769231 0.43509615384615385 0.054086538461538464 0.09134615384615384
180 0.1875 0.05048076923076923 0.042067307692307696 0.07932692307692307
28 0.9158653846153846 0.052884615384615384 0.046875 0.09014423076923077
44 0.07572115384615384 0.5552884615384616 0.04927884615384615 0.0829326923076923
123 0.27403846153846156 0.671875 0.03365384615384615 0.056490384615384616
42 0.375 0.7235576923076923 0.051682692307692304 0.0673076923076923
55 0.5709134615384616 0.7788461538461539 0.054086538461538464 0.09975961538461539
171 0.04807692307692308 0.8149038461538461 0.054086538461538464 0.078125
42 0.3762019230769231 0.8305288461538461 0.054086538461538464 0.06610576923076923
148 0.04567307692307692 0.9170673076923077 0.03485576923076923 0.07211538461538461
87 0.18870192307692307 0.9495192307692307 0.04326923076923077 0.07091346153846154