144 0.48197115384615385 0.44591346153846156 0.06610576923076923 0.10216346153846154
102 0.33413461538461536 0.4483173076923077 0.056490384615384616 0.07932692307692307
3 0.22115384615384615 0.453125 0.06610576923076923 0.0889423076923077
107 0.75 0.5408653846153846 0.051682692307692304 0.06971153846153846
144 0.5805288461538461 0.5721153846153846 0.05048076923076923 0.0673076923076923
144 0.4795673076923077 0.6033653846153846 0.04567307692307692 0.08653846153846154
137 0.3245192307692308 0.6105769230769231 0.054086538461538464 0.09014423076923077
144 0.7800480769230769 0.6634615384615384 0.04567307692307692 0.06129807692307692
144 0.7103365384615384 0.6670673076923077 0.04927884615384615 0.054086538461538464
144 0.9266826923076923 0.671875 0.056490384615384616 0.07692307692307693
177 0.2848557692307692 0.07451923076923077 0.06490384615384616 0.08413461538461539
53 0.16706730769230768 0.7692307692307693 0.04807692307692308 0.08173076923076923
137 0.5396634615384616 0.78125 0.046875 0.08533653846153846
109 0.19230769230769232 0.078125 0.04447115384615385 0.1045673076923077
83 0.4651442307692308 0.7824519230769231 0.04326923076923077 0.08533653846153846
83 0.328125 0.7848557692307693 0.04567307692307692 0.08413461538461539
137 0.2536057692307692 0.7848557692307693 0.03365384615384615 0.0673076923076923
137 0.39903846153846156 0.7860576923076923 0.04567307692307692 0.07451923076923077
144 0.7019230769230769 0.7944711538461539 0.0625 0.05889423076923077
144 0.78125 0.7992788461538461 0.052884615384615384 0.08533653846153846
53 0.04807692307692308 0.6574519230769231 0.054086538461538464 0.0985576923076923
105 0.9230769230769231 0.7980769230769231 0.04567307692307692 0.078125