54 0.12860576923076922 0.33653846153846156 0.037259615384615384 0.0829326923076923
137 0.328125 0.33653846153846156 0.057692307692307696 0.12259615384615384
137 0.22716346153846154 0.33774038461538464 0.030048076923076924 0.08533653846153846
137 0.6670673076923077 0.3389423076923077 0.057692307692307696 0.11778846153846154
54 0.9026442307692307 0.3401442307692308 0.038461538461538464 0.08653846153846154
54 0.47836538461538464 0.3425480769230769 0.03485576923076923 0.08653846153846154
55 0.12860576923076922 0.5204326923076923 0.04567307692307692 0.0889423076923077
55 0.9002403846153846 0.5204326923076923 0.03485576923076923 0.08173076923076923
56 0.7824519230769231 0.5216346153846154 0.04567307692307692 0.08413461538461539
56 0.22956730769230768 0.5228365384615384 0.04567307692307692 0.08653846153846154
16 0.6670673076923077 0.5240384615384616 0.057692307692307696 0.1141826923076923
16 0.3293269230769231 0.5252403846153846 0.06370192307692307 0.11778846153846154
55 0.47836538461538464 0.5264423076923077 0.04326923076923077 0.09014423076923077
128 0.47836538461538464 0.6995192307692307 0.04326923076923077 0.09495192307692307
128 0.12740384615384615 0.7019230769230769 0.046875 0.09254807692307693
137 0.2283653846153846 0.7043269230769231 0.03245192307692308 0.08774038461538461
137 0.3293269230769231 0.7055288461538461 0.055288461538461536 0.1141826923076923
128 0.9002403846153846 0.7067307692307693 0.04807692307692308 0.09254807692307693
137 0.6670673076923077 0.7067307692307693 0.06129807692307692 0.11899038461538461
180 0.042067307692307696 0.07692307692307693 0.026442307692307692 0.055288461538461536
132 0.04807692307692308 0.140625 0.025240384615384616 0.055288461538461536
132 0.5673076923076923 0.140625 0.026442307692307692 0.052884615384615384