122 0.06490384615384616 0.8425480769230769 0.055288461538461536 0.06009615384615385
28 0.3233173076923077 0.9423076923076923 0.039663461538461536 0.046875
54 0.5949519230769231 0.9447115384615384 0.03245192307692308 0.040865384615384616
63 0.7992788461538461 0.11177884615384616 0.056490384615384616 0.0625
125 0.6838942307692307 0.234375 0.019230769230769232 0.025240384615384616
123 0.28725961538461536 0.23557692307692307 0.019230769230769232 0.025240384615384616
80 0.90625 0.026442307692307692 0.039663461538461536 0.04326923076923077
58 0.6658653846153846 0.29447115384615385 0.06610576923076923 0.08413461538461539
137 0.20552884615384615 0.3425480769230769 0.05889423076923077 0.08173076923076923
166 0.09375 0.3449519230769231 0.05889423076923077 0.06971153846153846
55 0.8016826923076923 0.35216346153846156 0.06971153846153846 0.0889423076923077
101 0.5564903846153846 0.4266826923076923 0.03485576923076923 0.038461538461538464
59 0.7463942307692307 0.453125 0.055288461538461536 0.06370192307692307
59 0.7475961538461539 0.4543269230769231 0.05048076923076923 0.06009615384615385
52 0.43149038461538464 0.4639423076923077 0.03365384615384615 0.030048076923076924
3 0.06370192307692307 0.46875 0.06129807692307692 0.07692307692307693
102 0.34375 0.5048076923076923 0.04447115384615385 0.05048076923076923
52 0.5240384615384616 0.5300480769230769 0.03245192307692308 0.021634615384615384
77 0.4879807692307692 0.5324519230769231 0.039663461538461536 0.03245192307692308
57 0.2512214278846154 0.5719099254807692 0.29487857211538465 0.5719099254807692 0.29487857211538465 0.5250875721153846 0.2512214278846154 0.5250875721153846 0.2512214278846154 0.5719099254807692
3 0.17307692307692307 0.5492788461538461 0.05048076923076923 0.06850961538461539
52 0.49399038461538464 0.6033653846153846 0.03485576923076923 0.02403846153846154
52 0.42788461538461536 0.6045673076923077 0.03245192307692308 0.025240384615384616
77 0.5276442307692307 0.6081730769230769 0.021634615384615384 0.04447115384615385
100 0.12259615384615384 0.7055288461538461 0.040865384615384616 0.054086538461538464
52 0.4338942307692308 0.7235576923076923 0.03245192307692308 0.02283653846153846
52 0.5997596153846154 0.8209134615384616 0.025240384615384616 0.015625
162 0.02283653846153846 0.0829326923076923 0.04447115384615385 0.06009615384615385
52 0.5180288461538461 0.8257211538461539 0.03365384615384615 0.02283653846153846
59 0.328125 0.828125 0.042067307692307696 0.04807692307692308
77 0.4795673076923077 0.8305288461538461 0.038461538461538464 0.030048076923076924
110 0.5588942307692307 0.8317307692307693 0.014423076923076924 0.030048076923076924