136 0.5901442307692307 0.11658653846153846 0.06490384615384616 0.051682692307692304
32 0.4567307692307692 0.19591346153846154 0.07091346153846154 0.057692307692307696
137 0.18509615384615385 0.25240384615384615 0.0673076923076923 0.052884615384615384
125 0.30408653846153844 0.33653846153846156 0.051682692307692304 0.036057692307692304
125 0.734375 0.33653846153846156 0.04567307692307692 0.040865384615384616
176 0.7524038461538461 0.1971153846153846 0.06971153846153846 0.04807692307692308
150 0.9086538461538461 0.10096153846153846 0.06850961538461539 0.05889423076923077
112 0.37259615384615385 0.375 0.057692307692307696 0.04567307692307692
112 0.8064903846153846 0.3737980769230769 0.06370192307692307 0.05048076923076923
123 0.30408653846153844 0.48677884615384615 0.04807692307692308 0.036057692307692304
123 0.7355769230769231 0.484375 0.051682692307692304 0.037259615384615384
123 0.30649038461538464 0.6670673076923077 0.04927884615384615 0.039663461538461536
123 0.7367788461538461 0.6646634615384616 0.052884615384615384 0.040865384615384616
59 0.5865384615384616 0.43028846153846156 0.06850961538461539 0.054086538461538464
59 0.5889423076923077 0.6778846153846154 0.07211538461538461 0.052884615384615384
176 0.28966346153846156 0.13581730769230768 0.06971153846153846 0.054086538461538464
180 0.03125 0.09014423076923077 0.06129807692307692 0.04927884615384615
177 0.3137019230769231 0.030048076923076924 0.07211538461538461 0.055288461538461536
55 0.3713942307692308 0.5516826923076923 0.078125 0.06129807692307692
55 0.7896634615384616 0.5504807692307693 0.07692307692307693 0.06610576923076923
55 0.375 0.7415865384615384 0.0829326923076923 0.06009615384615385
55 0.7860576923076923 0.7391826923076923 0.08173076923076923 0.06129807692307692
12 0.5901442307692307 0.7259615384615384 0.07091346153846154 0.056490384615384616
12 0.5829326923076923 0.5372596153846154 0.07932692307692307 0.052884615384615384
123 0.3076923076923077 0.8497596153846154 0.04927884615384615 0.036057692307692304
123 0.7403846153846154 0.8485576923076923 0.055288461538461536 0.037259615384615384
56 0.1346153846153846 0.7403846153846154 0.06610576923076923 0.055288461538461536
62 0.13701923076923078 0.8966346153846154 0.06610576923076923 0.05048076923076923
128 0.3737980769230769 0.9050480769230769 0.06370192307692307 0.051682692307692304
128 0.8028846153846154 0.9050480769230769 0.06129807692307692 0.046875