180 0.13581730769230768 0.016826923076923076 0.02283653846153846 0.03365384615384615
53 0.7403846153846154 0.22235576923076922 0.07091346153846154 0.11177884615384616
37 0.8509615384615384 0.22355769230769232 0.0673076923076923 0.10817307692307693
0 0.9675480769230769 0.2247596153846154 0.06490384615384616 0.10216346153846154
137 0.29086538461538464 0.24759615384615385 0.06850961538461539 0.10697115384615384
102 0.5588942307692307 0.2512019230769231 0.06850961538461539 0.10576923076923077
22 0.29086538461538464 0.43509615384615385 0.06971153846153846 0.109375
3 0.9675480769230769 0.04927884615384615 0.06009615384615385 0.09735576923076923
102 0.7379807692307693 0.04927884615384615 0.06490384615384616 0.0985576923076923
137 0.8521634615384616 0.051682692307692304 0.06370192307692307 0.10336538461538461
102 0.4326923076923077 0.5853365384615384 0.06971153846153846 0.11658653846153846
53 0.5564903846153846 0.5865384615384616 0.07091346153846154 0.10576923076923077
3 0.2920673076923077 0.5901442307692307 0.06370192307692307 0.10697115384615384
137 0.28966346153846156 0.07451923076923077 0.06610576923076923 0.10817307692307693
137 0.28966346153846156 0.8966346153846154 0.06610576923076923 0.10817307692307693
37 0.29086538461538464 0.7487980769230769 0.07211538461538461 0.10817307692307693