55 0.84375 0.296875 0.04927884615384615 0.09375
132 0.38341346153846156 0.03125 0.036057692307692304 0.0625
95 0.21995192307692307 0.31490384615384615 0.08774038461538461 0.125
3 0.45552884615384615 0.33774038461538464 0.07211538461538461 0.13822115384615385
125 0.6971153846153846 0.4206730769230769 0.03365384615384615 0.05889423076923077
1 0.8461538461538461 0.44711538461538464 0.04567307692307692 0.09375
55 0.8485576923076923 0.5925480769230769 0.046875 0.09615384615384616
180 0.453125 0.6322115384615384 0.06370192307692307 0.0889423076923077
95 0.6322115384615384 0.875 0.09375 0.12139423076923077
102 0.5685096153846154 0.09615384615384616 0.0733173076923077 0.13822115384615385
109 0.046875 0.11658653846153846 0.040865384615384616 0.11658653846153846
123 0.6971153846153846 0.12139423076923077 0.03365384615384615 0.0625
102 0.8413461538461539 0.15504807692307693 0.046875 0.09254807692307693