132 0.10096153846153846 0.055288461538461536 0.030048076923076924 0.06490384615384616
171 0.02403846153846154 0.5 0.042067307692307696 0.08774038461538461
96 0.13221153846153846 0.5 0.04447115384615385 0.0889423076923077
125 0.2668269230769231 0.1814903846153846 0.027644230769230768 0.051682692307692304
59 0.2091346153846154 0.4951923076923077 0.04807692307692308 0.09735576923076923
64 0.2980769230769231 0.24639423076923078 0.03245192307692308 0.06971153846153846
125 0.2668269230769231 0.6237980769230769 0.028846153846153848 0.05048076923076923
123 0.47475961538461536 0.18990384615384615 0.03245192307692308 0.0673076923076923
123 0.4735576923076923 0.6286057692307693 0.03125 0.0625
128 0.5384615384615384 0.7103365384615384 0.04326923076923077 0.08774038461538461
128 0.5384615384615384 0.2824519230769231 0.042067307692307696 0.08533653846153846
158 0.6742788461538461 0.16826923076923078 0.04567307692307692 0.08774038461538461
36 0.7512019230769231 0.3137019230769231 0.04927884615384615 0.09975961538461539
33 0.6814903846153846 0.5204326923076923 0.05048076923076923 0.10096153846153846
34 0.8269230769230769 0.5228365384615384 0.051682692307692304 0.10336538461538461
27 0.8269230769230769 0.7007211538461539 0.05048076923076923 0.10216346153846154
63 0.6814903846153846 0.703125 0.04927884615384615 0.09615384615384616
162 0.9375 0.10336538461538461 0.07091346153846154 0.13822115384615385
171 0.8269230769230769 0.8858173076923077 0.04567307692307692 0.08653846153846154