180 0.5264423076923077 0.018028846153846152 0.02403846153846154 0.036057692307692304
1 0.7716346153846154 0.18629807692307693 0.04567307692307692 0.06370192307692307
1 0.2608173076923077 0.18990384615384615 0.04326923076923077 0.06370192307692307
180 0.016826923076923076 0.02283653846153846 0.027644230769230768 0.04567307692307692
125 0.8004807692307693 0.234375 0.025240384615384616 0.039663461538461536
125 0.5709134615384616 0.234375 0.025240384615384616 0.04326923076923077
125 0.28966346153846156 0.23798076923076922 0.025240384615384616 0.037259615384615384
125 0.06009615384615385 0.23918269230769232 0.02283653846153846 0.039663461538461536
64 0.578125 0.28846153846153844 0.028846153846153848 0.04447115384615385
64 0.06971153846153846 0.29086538461538464 0.028846153846153848 0.04807692307692308
74 0.7596153846153846 0.33052884615384615 0.027644230769230768 0.04447115384615385
74 0.24879807692307693 0.33533653846153844 0.028846153846153848 0.04447115384615385
28 0.6346153846153846 0.3641826923076923 0.04927884615384615 0.06850961538461539
28 0.12620192307692307 0.37259615384615385 0.04927884615384615 0.06370192307692307
31 0.8737980769230769 0.37740384615384615 0.054086538461538464 0.08173076923076923
31 0.36177884615384615 0.3786057692307692 0.05048076923076923 0.07932692307692307
94 0.5384615384615384 0.06129807692307692 0.028846153846153848 0.04927884615384615
94 0.030048076923076924 0.06370192307692307 0.03125 0.046875
81 0.13221153846153846 0.8209134615384616 0.057692307692307696 0.09615384615384616
14 0.5348557692307693 0.8221153846153846 0.07692307692307693 0.12259615384615384
14 0.8473557692307693 0.8221153846153846 0.0733173076923077 0.11778846153846154
171 0.026442307692307692 0.8221153846153846 0.046875 0.08533653846153846
17 0.25 0.8233173076923077 0.07572115384615384 0.12259615384615384
45 0.6911057692307693 0.8233173076923077 0.0733173076923077 0.11899038461538461
45 0.3894230769230769 0.8245192307692307 0.07572115384615384 0.1201923076923077
88 0.6237980769230769 0.13581730769230768 0.057692307692307696 0.054086538461538464
88 0.11298076923076923 0.13701923076923078 0.052884615384615384 0.057692307692307696
55 0.2439903846153846 0.42908653846153844 0.03365384615384615 0.06009615384615385
55 0.7524038461538461 0.4266826923076923 0.03125 0.06009615384615385
96 0.2608173076923077 0.09254807692307693 0.04567307692307692 0.0733173076923077
96 0.7716346153846154 0.0889423076923077 0.042067307692307696 0.07932692307692307