180 0.08653846153846154 0.0985576923076923 0.1045673076923077 0.09975961538461539
59 0.296875 0.16105769230769232 0.06129807692307692 0.07572115384615384
136 0.390625 0.05048076923076923 0.054086538461538464 0.08533653846153846
32 0.6862980769230769 0.06009615384615385 0.07451923076923077 0.109375
59 0.8822115384615384 0.15985576923076922 0.056490384615384616 0.08052884615384616
55 0.12980769230769232 0.328125 0.06971153846153846 0.09495192307692307
12 0.2980769230769231 0.34134615384615385 0.0733173076923077 0.09134615384615384
55 0.39302884615384615 0.32572115384615385 0.0733173076923077 0.10336538461538461
59 0.2956730769230769 0.4723557692307692 0.056490384615384616 0.078125
55 0.12860576923076922 0.625 0.07451923076923077 0.10096153846153846
55 0.39663461538461536 0.6201923076923077 0.07091346153846154 0.09975961538461539
12 0.2956730769230769 0.6358173076923077 0.06971153846153846 0.08653846153846154
137 0.5793269230769231 0.5168269230769231 0.06490384615384616 0.10216346153846154
137 0.7896634615384616 0.5132211538461539 0.06370192307692307 0.10817307692307693
53 0.09014423076923077 0.7956730769230769 0.06370192307692307 0.10697115384615384
53 0.24278846153846154 0.7944711538461539 0.06490384615384616 0.10216346153846154
53 0.421875 0.7944711538461539 0.05889423076923077 0.09375
2 0.5745192307692307 0.34615384615384615 0.0673076923076923 0.0985576923076923