37 0.2439903846153846 0.203125 0.07091346153846154 0.16706730769230768
102 0.4326923076923077 0.2956730769230769 0.078125 0.16346153846153846
145 0.6165865384615384 0.2956730769230769 0.07451923076923077 0.17067307692307693
98 0.8521634615384616 0.30288461538461536 0.07451923076923077 0.1658653846153846
171 0.02283653846153846 0.41466346153846156 0.040865384615384616 0.1045673076923077
32 0.24639423076923078 0.42788461538461536 0.0733173076923077 0.1658653846153846
123 0.5444711538461539 0.6177884615384616 0.03245192307692308 0.07572115384615384
123 0.7692307692307693 0.6213942307692307 0.03245192307692308 0.06971153846153846
180 0.14302884615384615 0.07091346153846154 0.037259615384615384 0.08173076923076923
3 0.38221153846153844 0.7211538461538461 0.07211538461538461 0.16706730769230768
176 0.24519230769230768 0.7247596153846154 0.0733173076923077 0.16346153846153846
102 0.6165865384615384 0.7295673076923077 0.06971153846153846 0.16105769230769232
128 0.8485576923076923 0.7331730769230769 0.06971153846153846 0.1622596153846154