141 0.4735576923076923 0.21394230769230768 0.07091346153846154 0.07211538461538461
171 0.11057692307692307 0.26802884615384615 0.0733173076923077 0.078125
137 0.8617788461538461 0.29086538461538464 0.0733173076923077 0.0985576923076923
102 0.7403846153846154 0.2980769230769231 0.07692307692307693 0.08653846153846154
28 0.4699519230769231 0.30649038461538464 0.06850961538461539 0.0985576923076923
171 0.11298076923076923 0.39783653846153844 0.0733173076923077 0.07572115384615384
139 0.45552884615384615 0.4495192307692308 0.046875 0.051682692307692304
137 0.6995192307692307 0.4735576923076923 0.12980769230769232 0.17067307692307693
3 0.35096153846153844 0.47475961538461536 0.08173076923076923 0.09134615384615384
139 0.19951923076923078 0.47596153846153844 0.07932692307692307 0.09014423076923077
102 0.4831730769230769 0.4807692307692308 0.07692307692307693 0.09134615384615384
65 0.7019230769230769 0.7331730769230769 0.09735576923076923 0.11899038461538461
142 0.34975961538461536 0.734375 0.07451923076923077 0.09014423076923077
53 0.8665865384615384 0.734375 0.09375 0.1141826923076923
102 0.48197115384615385 0.7355769230769231 0.07451923076923077 0.09254807692307693
180 0.3581730769230769 0.09375 0.08533653846153846 0.08173076923076923
95 0.10096153846153846 0.11057692307692307 0.07451923076923077 0.1045673076923077
98 0.45552884615384615 0.09975961538461539 0.07451923076923077 0.08774038461538461
98 0.17427884615384615 0.11177884615384616 0.06610576923076923 0.0889423076923077