15 0.22355769230769232 0.19230769230769232 0.037259615384615384 0.05048076923076923
125 0.6334134615384616 0.24158653846153846 0.04447115384615385 0.05048076923076923
123 0.24879807692307693 0.24158653846153846 0.037259615384615384 0.051682692307692304
59 0.28269736778846155 0.3765016923076923 0.3502412283653846 0.3765016923076923 0.3502412283653846 0.29554568509615387 0.28269736778846155 0.29554568509615387 0.28269736778846155 0.3765016923076923
112 0.7391826923076923 0.33653846153846156 0.0673076923076923 0.08173076923076923
55 0.47475961538461536 0.3401442307692308 0.07572115384615384 0.10576923076923077
137 0.3954326923076923 0.04927884615384615 0.06850961538461539 0.07932692307692307
95 0.934740497596154 0.5433417932692307 0.9961659350961539 0.5433417932692307 0.9961659350961539 0.4681302884615385 0.934740497596154 0.4681302884615385 0.934740497596154 0.5433417932692307
59 0.05316520432692307 0.547855329326923 0.12323830528846155 0.547855329326923 0.12323830528846155 0.46475042307692305 0.05316520432692307 0.46475042307692305 0.05316520432692307 0.547855329326923
28 0.4976059951923077 0.09173011778846153 0.5699524855769231 0.09173011778846153 0.5699524855769231 0.011281725961538461 0.4976059951923077 0.011281725961538461 0.4976059951923077 0.09173011778846153
63 0.6754807692307693 0.051682692307692304 0.06490384615384616 0.07451923076923077
15 0.22355769230769232 0.5456730769230769 0.037259615384615384 0.04567307692307692
123 0.25 0.5961538461538461 0.042067307692307696 0.046875
125 0.6334134615384616 0.5973557692307693 0.04326923076923077 0.051682692307692304
136 0.0889423076923077 0.6658653846153846 0.06490384615384616 0.07692307692307693
112 0.7391826923076923 0.6935096153846154 0.0625 0.07692307692307693
64 0.4723557692307692 0.6947115384615384 0.0673076923076923 0.0985576923076923
59 0.2812390360576923 0.73273265625 0.3482931298076923 0.73273265625 0.3482931298076923 0.65763959375 0.2812390360576923 0.65763959375 0.2812390360576923 0.73273265625