102 0.5961538461538461 0.18509615384615385 0.03485576923076923 0.08653846153846154
102 0.6009615384615384 0.34975961538461536 0.03365384615384615 0.08653846153846154
102 0.5973557692307693 0.5336538461538461 0.03485576923076923 0.08413461538461539
102 0.5997596153846154 0.6971153846153846 0.036057692307692304 0.0829326923076923
102 0.703125 0.18269230769230768 0.036057692307692304 0.0829326923076923
102 0.7019230769230769 0.3485576923076923 0.03245192307692308 0.08052884615384616
102 0.7019230769230769 0.53125 0.03245192307692308 0.07932692307692307
102 0.7007211538461539 0.6947115384615384 0.03365384615384615 0.08173076923076923
3 0.40865384615384615 0.25841346153846156 0.055288461538461536 0.13822115384615385
32 0.24158653846153846 0.2620192307692308 0.055288461538461536 0.13581730769230768
137 0.23798076923076922 0.65625 0.06129807692307692 0.14903846153846154
180 0.15384615384615385 0.06850961538461539 0.026442307692307692 0.06490384615384616
53 0.8954326923076923 0.3016826923076923 0.052884615384615384 0.109375
53 0.9002403846153846 0.6502403846153846 0.051682692307692304 0.109375
171 0.07572115384615384 0.5733173076923077 0.04927884615384615 0.125