125 0.6033653846153846 0.18990384615384615 0.036057692307692304 0.04567307692307692
125 0.12740384615384615 0.19110576923076922 0.037259615384615384 0.04927884615384615
180 0.018028846153846152 0.021634615384615384 0.03485576923076923 0.042067307692307696
112 0.18509615384615385 0.2980769230769231 0.06610576923076923 0.08774038461538461
112 0.828125 0.29927884615384615 0.06490384615384616 0.08173076923076923
12 0.4855769230769231 0.3161057692307692 0.03365384615384615 0.055288461538461536
123 0.6045673076923077 0.4855769230769231 0.036057692307692304 0.046875
123 0.12860576923076922 0.48677884615384615 0.036057692307692304 0.046875
4 0.5096153846153846 0.5901442307692307 0.06971153846153846 0.09375
123 0.12620192307692307 0.7103365384615384 0.036057692307692304 0.04567307692307692
123 0.6033653846153846 0.7127403846153846 0.038461538461538464 0.04567307692307692
15 0.1045673076923077 0.07572115384615384 0.03485576923076923 0.05048076923076923
15 0.5817307692307693 0.07692307692307693 0.039663461538461536 0.04807692307692308
172 0.2704326923076923 0.7908653846153846 0.09014423076923077 0.09975961538461539
24 0.7475961538461539 0.5625 0.07692307692307693 0.06610576923076923
24 0.27163461538461536 0.5576923076923077 0.0889423076923077 0.06971153846153846