171 0.03245192307692308 0.43028846153846156 0.046875 0.09375
37 0.22716346153846154 0.19230769230769232 0.042067307692307696 0.08413461538461539
37 0.31850961538461536 0.19230769230769232 0.040865384615384616 0.09254807692307693
87 0.41225961538461536 0.1971153846153846 0.04567307692307692 0.08653846153846154
32 0.11658653846153846 0.43028846153846156 0.042067307692307696 0.08774038461538461
137 0.2283653846153846 0.4326923076923077 0.046875 0.08774038461538461
53 0.5817307692307693 0.15264423076923078 0.039663461538461536 0.0733173076923077
102 0.5144230769230769 0.28966346153846156 0.036057692307692304 0.0733173076923077
102 0.6490384615384616 0.28966346153846156 0.036057692307692304 0.06971153846153846
102 0.5144230769230769 0.75 0.037259615384615384 0.07572115384615384
102 0.8353365384615384 0.6887019230769231 0.03365384615384615 0.07692307692307693
142 0.5805288461538461 0.28966346153846156 0.036057692307692304 0.06850961538461539
3 0.515625 0.4230769230769231 0.039663461538461536 0.06850961538461539
3 0.515625 0.6141826923076923 0.03485576923076923 0.0673076923076923
160 0.6262019230769231 0.6911057692307693 0.03485576923076923 0.06971153846153846
165 0.7512019230769231 0.24519230769230768 0.037259615384615384 0.07932692307692307
168 0.8365384615384616 0.24879807692307693 0.037259615384615384 0.0733173076923077
38 0.9206730769230769 0.25 0.037259615384615384 0.078125
66 0.8353365384615384 0.36899038461538464 0.036057692307692304 0.07451923076923077
133 0.7512019230769231 0.36899038461538464 0.036057692307692304 0.07451923076923077
100 0.7319711538461539 0.6911057692307693 0.037259615384615384 0.07692307692307693
137 0.6274038461538461 0.8185096153846154 0.03365384615384615 0.06490384615384616
65 0.9206730769230769 0.6899038461538461 0.03365384615384615 0.0733173076923077