132 0.5757211538461539 0.18389423076923078 0.02403846153846154 0.042067307692307696
132 0.0625 0.18389423076923078 0.027644230769230768 0.039663461538461536
136 0.23197115384615385 0.2860576923076923 0.054086538461538464 0.07692307692307693
136 0.7463942307692307 0.2860576923076923 0.05048076923076923 0.07692307692307693
125 0.12259615384615384 0.3713942307692308 0.025240384615384616 0.037259615384615384
125 0.6358173076923077 0.3737980769230769 0.02403846153846154 0.04326923076923077
59 0.7451923076923077 0.4326923076923077 0.038461538461538464 0.06129807692307692
59 0.23317307692307693 0.4338942307692308 0.038461538461538464 0.06370192307692307
123 0.6358173076923077 0.5625 0.025240384615384616 0.040865384615384616
123 0.12139423076923077 0.5637019230769231 0.027644230769230768 0.04326923076923077
58 0.13701923076923078 0.6117788461538461 0.027644230769230768 0.038461538461538464
58 0.6502403846153846 0.6153846153846154 0.026442307692307692 0.042067307692307696
171 0.23557692307692307 0.06370192307692307 0.06129807692307692 0.09975961538461539
171 0.7451923076923077 0.06370192307692307 0.06129807692307692 0.0985576923076923
55 0.1875 0.7235576923076923 0.042067307692307696 0.06009615384615385
55 0.7752403846153846 0.7247596153846154 0.040865384615384616 0.051682692307692304
55 0.7007211538461539 0.7247596153846154 0.038461538461538464 0.057692307692307696
55 0.2644230769230769 0.7259615384615384 0.03365384615384615 0.05889423076923077
131 0.16346153846153846 0.890625 0.046875 0.08052884615384616
100 0.3004807692307692 0.8918269230769231 0.05048076923076923 0.07451923076923077
128 0.36899038461538464 0.8918269230769231 0.05048076923076923 0.08173076923076923
131 0.6790865384615384 0.8918269230769231 0.05048076923076923 0.08173076923076923
128 0.8822115384615384 0.8918269230769231 0.04927884615384615 0.078125
137 0.09495192307692307 0.8918269230769231 0.04927884615384615 0.07451923076923077
83 0.23317307692307693 0.8930288461538461 0.054086538461538464 0.08413461538461539
137 0.6105769230769231 0.8930288461538461 0.05048076923076923 0.08052884615384616
83 0.7475961538461539 0.8930288461538461 0.04807692307692308 0.08052884615384616
100 0.8149038461538461 0.8930288461538461 0.046875 0.08052884615384616
180 0.03125 0.14543269230769232 0.027644230769230768 0.042067307692307696