55 0.16346153846153846 0.13942307692307693 0.03245192307692308 0.057692307692307696
2 0.16346153846153846 0.22235576923076922 0.03485576923076923 0.06370192307692307
12 0.1622596153846154 0.30528846153846156 0.036057692307692304 0.06009615384615385
180 0.3112980769230769 0.4735576923076923 0.025240384615384616 0.051682692307692304
98 0.6766826923076923 0.5384615384615384 0.038461538461538464 0.07211538461538461
102 0.6778846153846154 0.6262019230769231 0.038461538461538464 0.06490384615384616
102 0.6766826923076923 0.7115384615384616 0.03485576923076923 0.06129807692307692
102 0.6766826923076923 0.7956730769230769 0.036057692307692304 0.05889423076923077
180 0.6478365384615384 0.12379807692307693 0.027644230769230768 0.054086538461538464
180 0.41466346153846156 0.12379807692307693 0.027644230769230768 0.051682692307692304
180 0.22596153846153846 0.12620192307692307 0.030048076923076924 0.051682692307692304
55 0.1622596153846154 0.5564903846153846 0.038461538461538464 0.06610576923076923
95 0.28966346153846156 0.19110576923076922 0.036057692307692304 0.05889423076923077
95 0.47836538461538464 0.18990384615384615 0.03125 0.06009615384615385
95 0.7115384615384616 0.18990384615384615 0.03245192307692308 0.056490384615384616