171 0.06490384615384616 0.11057692307692307 0.06971153846153846 0.06129807692307692
55 0.5324519230769231 0.1875 0.06610576923076923 0.06490384615384616
11 0.7644230769230769 0.18870192307692307 0.06129807692307692 0.06009615384615385
108 0.6766826923076923 0.18990384615384615 0.0625 0.05889423076923077
56 0.8353365384615384 0.18990384615384615 0.0625 0.054086538461538464
112 0.3701923076923077 0.19110576923076922 0.05889423076923077 0.054086538461538464
135 0.06370192307692307 0.22115384615384615 0.051682692307692304 0.056490384615384616
12 0.3737980769230769 0.3581730769230769 0.039663461538461536 0.02403846153846154
56 0.9447115384615384 0.3605769230769231 0.06129807692307692 0.0673076923076923
12 0.546875 0.36177884615384615 0.05889423076923077 0.056490384615384616
32 0.06490384615384616 0.3641826923076923 0.05889423076923077 0.0625
1 0.28966346153846156 0.3641826923076923 0.054086538461538464 0.052884615384615384
95 0.18028846153846154 0.36538461538461536 0.055288461538461536 0.055288461538461536
180 0.15625 0.038461538461538464 0.055288461538461536 0.05048076923076923
112 0.3713942307692308 0.5372596153846154 0.056490384615384616 0.054086538461538464
108 0.6754807692307693 0.5372596153846154 0.056490384615384616 0.054086538461538464
11 0.7668269230769231 0.5396634615384616 0.06370192307692307 0.05889423076923077
125 0.2668269230769231 0.44471153846153844 0.03365384615384615 0.03125
125 0.47115384615384615 0.44471153846153844 0.037259615384615384 0.03485576923076923
125 0.6598557692307693 0.44471153846153844 0.03365384615384615 0.030048076923076924
57 0.8341346153846154 0.5396634615384616 0.06009615384615385 0.055288461538461536