109 0.9134615384615384 0.2848557692307692 0.04567307692307692 0.09495192307692307
141 0.7764423076923077 0.2860576923076923 0.056490384615384616 0.08173076923076923
89 0.10336538461538461 0.32091346153846156 0.06129807692307692 0.11177884615384616
142 0.2704326923076923 0.32091346153846156 0.055288461538461536 0.1141826923076923
180 0.11057692307692307 0.04326923076923077 0.08653846153846154 0.08653846153846154
68 0.9182692307692307 0.4483173076923077 0.06009615384615385 0.08774038461538461
140 0.7824519230769231 0.46274038461538464 0.05048076923076923 0.09375
137 0.2692307692307692 0.5048076923076923 0.052884615384615384 0.11177884615384616
142 0.78125 0.6322115384615384 0.06009615384615385 0.0985576923076923
98 0.09975961538461539 0.671875 0.0625 0.11177884615384616
37 0.18629807692307693 0.6742788461538461 0.057692307692307696 0.10697115384615384
3 0.2668269230769231 0.6742788461538461 0.06129807692307692 0.10697115384615384
53 0.42951449278846154 0.76971084375 0.48529710096153844 0.76971084375 0.48529710096153844 0.6690843365384616 0.42951449278846154 0.6690843365384616 0.42951449278846154 0.76971084375
100 0.6394230769230769 0.7199519230769231 0.06129807692307692 0.09254807692307693
102 0.7163461538461539 0.7223557692307693 0.054086538461538464 0.09615384615384616
137 0.38461538461538464 0.7223557692307693 0.055288461538461536 0.09735576923076923
53 0.5384615384615384 0.7235576923076923 0.055288461538461536 0.09375
180 0.8112980769230769 0.9387019230769231 0.1045673076923077 0.11538461538461539
177 0.9170673076923077 0.0985576923076923 0.046875 0.0889423076923077
109 0.953125 0.10576923076923077 0.037259615384615384 0.078125
59 0.6646634615384616 0.11057692307692307 0.055288461538461536 0.09735576923076923
136 0.7800480769230769 0.11177884615384616 0.052884615384615384 0.10096153846153846
105 0.4963942307692308 0.1141826923076923 0.057692307692307696 0.1045673076923077
28 0.1971153846153846 0.14783653846153846 0.06129807692307692 0.1141826923076923
27 0.10096153846153846 0.15384615384615385 0.06610576923076923 0.10697115384615384