37 0.37259615384615385 0.30408653846153844 0.06490384615384616 0.11658653846153846
109 0.10096153846153846 0.32572115384615385 0.036057692307692304 0.08533653846153846
102 0.8617788461538461 0.38341346153846156 0.04807692307692308 0.0889423076923077
177 0.0985576923076923 0.5108173076923077 0.04927884615384615 0.08413461538461539
58 0.8665865384615384 0.5192307692307693 0.0625 0.09495192307692307
3 0.37259615384615385 0.5817307692307693 0.06610576923076923 0.12139423076923077
59 0.6009615384615384 0.5817307692307693 0.07091346153846154 0.12620192307692307
139 0.09975961538461539 0.6850961538461539 0.039663461538461536 0.07091346153846154
64 0.8629807692307693 0.7079326923076923 0.055288461538461536 0.09975961538461539
180 0.203125 0.07572115384615384 0.040865384615384616 0.06610576923076923
102 0.37259615384615385 0.8485576923076923 0.06971153846153846 0.12139423076923077