109 0.12740384615384615 0.2776442307692308 0.05048076923076923 0.10096153846153846
100 0.6490384615384616 0.3293269230769231 0.08533653846153846 0.1201923076923077
142 0.9567307692307693 0.33774038461538464 0.07932692307692307 0.12860576923076922
136 0.22716346153846154 0.3389423076923077 0.06850961538461539 0.1201923076923077
55 0.5084134615384616 0.3401442307692308 0.078125 0.11778846153846154
59 0.3473557692307692 0.3401442307692308 0.07211538461538461 0.1045673076923077
137 0.04567307692307692 0.4326923076923077 0.0733173076923077 0.10336538461538461
137 0.8137019230769231 0.5805288461538461 0.0673076923076923 0.1045673076923077
55 0.5108173076923077 0.5817307692307693 0.07572115384615384 0.10817307692307693
137 0.5120192307692307 0.7692307692307693 0.07091346153846154 0.0985576923076923
131 0.9555288461538461 0.7860576923076923 0.0829326923076923 0.12139423076923077
53 0.08533653846153846 0.8557692307692307 0.078125 0.11658653846153846
3 0.30649038461538464 0.859375 0.0733173076923077 0.11658653846153846
102 0.19831730769230768 0.8617788461538461 0.07572115384615384 0.1141826923076923
130 0.8185096153846154 0.109375 0.078125 0.1346153846153846
55 0.8125 0.34375 0.08413461538461539 0.1141826923076923