32 0.0733173076923077 0.17427884615384615 0.07211538461538461 0.11899038461538461
33 0.7175480769230769 0.17668269230769232 0.06490384615384616 0.10216346153846154
137 0.5997596153846154 0.1814903846153846 0.0673076923076923 0.11177884615384616
137 0.4170673076923077 0.48197115384615385 0.0673076923076923 0.12139423076923077
3 0.06490384615384616 0.5432692307692307 0.07451923076923077 0.11298076923076923
102 0.18870192307692307 0.5516826923076923 0.07932692307692307 0.12379807692307693
63 0.9278846153846154 0.5877403846153846 0.06850961538461539 0.11899038461538461
74 0.7415865384615384 0.671875 0.06971153846153846 0.11177884615384616
53 0.41947115384615385 0.6754807692307693 0.0673076923076923 0.1141826923076923
102 0.5384615384615384 0.6766826923076923 0.06490384615384616 0.12620192307692307
28 0.9302884615384616 0.7716346153846154 0.06850961538461539 0.12259615384615384
37 0.06009615384615385 0.78125 0.06009615384615385 0.12620192307692307
87 0.18509615384615385 0.7848557692307693 0.07211538461538461 0.11298076923076923
142 0.4230769230769231 0.8762019230769231 0.06370192307692307 0.10096153846153846
137 0.1935096153846154 0.16947115384615385 0.06971153846153846 0.125
36 0.5432692307692307 0.10096153846153846 0.03485576923076923 0.055288461538461536
90 0.421875 0.17668269230769232 0.046875 0.08052884615384616