180 0.06610576923076923 0.02283653846153846 0.06610576923076923 0.04567307692307692
103 0.22956730769230768 0.13221153846153846 0.09495192307692307 0.10576923076923077
3 0.3762019230769231 0.1346153846153846 0.08413461538461539 0.10576923076923077
102 0.5504807692307693 0.14423076923076922 0.08774038461538461 0.10576923076923077
32 0.11899038461538461 0.2776442307692308 0.08413461538461539 0.10336538461538461
37 0.23317307692307693 0.31971153846153844 0.08052884615384616 0.10336538461538461
137 0.37259615384615385 0.31850961538461536 0.08774038461538461 0.11538461538461539
137 0.5228365384615384 0.32091346153846156 0.08653846153846154 0.0985576923076923
53 0.6490384615384616 0.32091346153846156 0.07211538461538461 0.10096153846153846
53 0.7247596153846154 0.31971153846153844 0.07451923076923077 0.10697115384615384
141 0.8064903846153846 0.32211538461538464 0.07692307692307693 0.10336538461538461
168 0.9050480769230769 0.3762019230769231 0.07451923076923077 0.08774038461538461
136 0.11658653846153846 0.47836538461538464 0.09615384615384616 0.09975961538461539
22 0.11658653846153846 0.6598557692307693 0.0889423076923077 0.1045673076923077
137 0.4831730769230769 0.78125 0.07932692307692307 0.1045673076923077
53 0.611503125 0.8290440625000001 0.6830218749999999 0.8290440625000001 0.6830218749999999 0.7312696033653846 0.611503125 0.7312696033653846 0.611503125 0.8290440625000001
53 0.7271634615384616 0.7800480769230769 0.078125 0.09375
38 0.9038461538461539 0.25240384615384615 0.07211538461538461 0.08653846153846154
133 0.9026442307692307 0.12860576923076922 0.07572115384615384 0.0829326923076923