12 0.5552884615384616 0.3329326923076923 0.07932692307692307 0.0985576923076923
64 0.20192307692307693 0.390625 0.0889423076923077 0.10817307692307693
180 0.16947115384615385 0.04447115384615385 0.08774038461538461 0.07572115384615384
87 0.5060096153846154 0.5060096153846154 0.0625 0.12259615384615384
55 0.6574519230769231 0.515625 0.08052884615384616 0.10216346153846154
171 0.0625 0.8293269230769231 0.08413461538461539 0.09375
59 0.6574519230769231 0.8305288461538461 0.06971153846153846 0.09615384615384616
136 0.20072115384615385 0.8521634615384616 0.08052884615384616 0.10216346153846154
171 0.06850961538461539 0.39903846153846156 0.07211538461538461 0.109375
125 0.41947115384615385 0.24519230769230768 0.054086538461538464 0.07932692307692307
125 0.7283653846153846 0.27283653846153844 0.046875 0.0733173076923077
95 0.2764423076923077 0.5985576923076923 0.0733173076923077 0.09375