177 0.09561921296296297 0.2963599537037037 0.08914351851851854 0.11136574074074072
180 0.4109953703703703 0.05247685185185186 0.03195601851851855 0.04528935185185186
89 0.4972974537037037 0.5898900462962964 0.08954861111111115 0.11917824074074072
100 0.5100983796296297 0.8367650462962963 0.08983217592592592 0.12464699074074055
137 0.635 0.9164814814814815 0.09706597222222228 0.1289178240740739
102 0.8146238425925926 0.3235127314814815 0.07644097222222221 0.10681134259259259
102 0.6226331018518518 0.4826331018518519 0.07603587962962965 0.09899884259259259
102 0.7013773148148148 0.48359953703703706 0.07323495370370381 0.1050868055555556
102 0.7803645833333334 0.48925347222222226 0.07693865740740743 0.10138310185185198
141 0.922957175925926 0.5044386574074073 0.08708333333333336 0.11671296296296294
3 0.6236747685185186 0.30737847222222225 0.08802662037037035 0.11987847222222223
53 0.8055497685185184 0.1485127314814815 0.09262152777777785 0.1333622685185185
55 0.10698495370370371 0.5906886574074074 0.06649884259259257 0.09538773148148146
31 0.9417245370370371 0.8513541666666666 0.07980902777777779 0.11166087962962976