180 0.22734375 0.190625 0.03359375 0.040625
53 0.46015625 0.3234375 0.075 0.08828125
37 0.31875 0.34453125 0.07265625 0.09140625
137 0.78671875 0.39609375 0.0765625 0.0921875
81 0.7578125 0.05234375 0.078125 0.09609375
9 0.31875 0.5359375 0.07421875 0.0890625
102 0.640625 0.5359375 0.071875 0.0890625
11 0.78984375 0.67421875 0.07421875 0.090625
137 0.45546875 0.70234375 0.0734375 0.09140625
32 0.31796875 0.703125 0.07890625 0.08984375
36 0.93046875 0.82109375 0.07109375 0.08984375
179 0.7390625 0.88359375 0.0734375 0.0921875
28 0.653125 0.88359375 0.07265625 0.08984375
27 0.82109375 0.8859375 0.071875 0.0875