132 0.02421875 0.1171875 0.02578125 0.0265625
86 0.71015625 0.15703125 0.06953125 0.06796875
27 0.19375 0.1578125 0.071875 0.07578125
28 0.8078125 0.159375 0.06953125 0.0703125
122 0.10078125 0.1609375 0.06796875 0.07890625
150 0.37421875 0.1609375 0.06484375 0.07578125
136 0.49375 0.1609375 0.07265625 0.0703125
63 0.8984375 0.1609375 0.06796875 0.0703125
98 0.2828125 0.16171875 0.0671875 0.07578125
22 0.61796875 0.16171875 0.06796875 0.07890625
96 0.32890625 0.26640625 0.0609375 0.06796875
176 0.49140625 0.31171875 0.06953125 0.07421875
171 0.49296875 0.0328125 0.0640625 0.065625
125 0.06953125 0.33515625 0.025 0.028125
125 0.6265625 0.33984375 0.0234375 0.02421875
112 0.66171875 0.3765625 0.06796875 0.0625
112 0.33125 0.3796875 0.065625 0.06796875
123 0.6265625 0.4796875 0.028125 0.03046875
123 0.06796875 0.4828125 0.03046875 0.028125
64 0.8375 0.51953125 0.065625 0.06796875
64 0.153125 0.52734375 0.07109375 0.0703125
166 0.49296875 0.56328125 0.0671875 0.0703125
13 0.79453125 0.640625 0.02265625 0.02421875
13 0.20234375 0.646875 0.021875 0.02578125
74 0.8890625 0.6609375 0.06328125 0.0703125
74 0.109375 0.66796875 0.06796875 0.071875
137 0.49140625 0.6734375 0.0671875 0.071875
55 0.81484375 0.7140625 0.040625 0.04375
55 0.771875 0.71484375 0.03984375 0.0421875
55 0.1796875 0.7203125 0.04140625 0.04375
123 0.71015625 0.7203125 0.00078125 0.00078125
55 0.22421875 0.7203125 0.04296875 0.04296875
47 0.428125 0.7234375 0.06484375 0.06953125
74 0.88984375 0.75625 0.0640625 0.06953125
55 0.815625 0.7578125 0.040625 0.0421875
55 0.771875 0.759375 0.0390625 0.040625
55 0.2234375 0.76328125 0.04140625 0.04140625
55 0.1796875 0.7640625 0.040625 0.0421875
74 0.109375 0.765625 0.06796875 0.071875
10 0.4921875 0.7953125 0.06328125 0.06875
180 0.01171875 0.0875 0.02265625 0.02890625
56 0.49375 0.9109375 0.065625 0.06796875
1 0.46171875 0.4359375 0.06640625 0.06953125
1 0.5234375 0.434375 0.06640625 0.0703125
55 0.66015625 0.7078125 0.03671875 0.0390625
55 0.3328125 0.70703125 0.03203125 0.03515625