125 0.3234375 0.18046875 0.04921875 0.059375
125 0.14921875 0.1828125 0.046875 0.05234375
125 0.55234375 0.1828125 0.04375 0.06015625
125 0.77890625 0.18359375 0.046875 0.05859375
55 0.17890625 0.29609375 0.0890625 0.1015625
59 0.5875 0.2984375 0.0859375 0.1109375
114 0.3609375 0.2984375 0.0828125 0.09921875
55 0.81796875 0.2984375 0.0828125 0.09921875
57 0.591109090625 0.598032440625 0.65133939375 0.598032440625 0.65133939375 0.5232087453125 0.591109090625 0.5232087453125 0.591109090625 0.598032440625
180 0.09765625 0.0625 0.0796875 0.06640625
102 0.81484375 0.65234375 0.08359375 0.09765625
3 0.3671875 0.72421875 0.10625 0.128125
102 0.86171875 0.7546875 0.0875 0.0890625
102 0.77265625 0.81328125 0.0796875 0.09609375