72 0.48359375 0.33671875 0.03671875 0.078125
36 0.7921875 0.38515625 0.06171875 0.1296875
132 0.021875 0.04765625 0.04375 0.09453125
55 0.46640625 0.52265625 0.053125 0.11484375
64 0.38203125 0.52265625 0.06484375 0.13359375
55 0.52578125 0.5234375 0.0484375 0.13125
48 0.8453125 0.5734375 0.05234375 0.11328125
1 0.2296875 0.62734375 0.05859375 0.12890625
55 0.4921875 0.7078125 0.07109375 0.15234375
55 0.38046875 0.71171875 0.06484375 0.13984375
102 0.85 0.79765625 0.04921875 0.09140625
75 0.6140625 0.11875 0.0671875 0.14296875
73 0.4625 0.12109375 0.0546875 0.12109375
134 0.30703125 0.12265625 0.0546875 0.11875
28 0.08515625 0.19140625 0.0625 0.134375
14 0.73203125 0.240625 0.04140625 0.0828125