12 0.5340624999999999 0.2957291666666667 0.08718749999999993 0.10614583333333334
64 0.1691666666666667 0.3791666666666667 0.09796874999999998 0.11619791666666668
180 0.160625 0.035312500000000004 0.09499999999999997 0.07062500000000001
87 0.47145833333333337 0.4764583333333333 0.07234374999999993 0.12848958333333335
55 0.6255729166666667 0.4747395833333333 0.08895833333333343 0.109375
171 0.0220703125 0.8354687500000001 0.044140625 0.10182291666666643
59 0.6041666666666666 0.7958333333333334 0.07760416666666678 0.10239583333333328
136 0.13703125 0.8495312499999998 0.08817708333333334 0.10932291666666671
171 0.036744791666666665 0.39677083333333335 0.07348958333333333 0.11656250000000004
125 0.40020833333333333 0.21520833333333336 0.06005208333333343 0.0841145833333334
125 0.71390625 0.22307291666666668 0.05343750000000007 0.07822916666666666
95 0.23088541666666668 0.5850520833333334 0.08057291666666666 0.1002604166666666