132 0.01371527777777778 0.03262731481481482 0.02740162037037037 0.06521412037037036
28 0.07450810185185186 0.17555555555555555 0.06556712962962963 0.12590277777777778
75 0.61328125 0.09644097222222223 0.0706018518518519 0.13534722222222223
64 0.39285300925925926 0.5186863425925926 0.06171875 0.12740740740740755
55 0.39751157407407406 0.7077835648148149 0.05975115740740744 0.11644675925925937
55 0.5153935185185186 0.7036921296296297 0.06643518518518512 0.12825810185185188
36 0.8055555555555556 0.37030671296296297 0.06345486111111107 0.13211805555555553
48 0.8688657407407409 0.5600983796296296 0.05616319444444429 0.10390046296296304
102 0.882986111111111 0.7936111111111112 0.06805555555555572 0.10876157407407412
95 0.10072337962962963 0.6301041666666667 0.09215856481481484 0.12707754629629625
1 0.23891782407407405 0.6257118055555555 0.07045717592592596 0.13144097222222229
14 0.7412905092592592 0.21804976851851848 0.045225694444444464 0.08265624999999996