109 0.91328125 0.28515625 0.04609375 0.0953125
141 0.7765625 0.2859375 0.05625 0.08125
89 0.10390625 0.3203125 0.06171875 0.1125
142 0.2703125 0.32109375 0.05546875 0.1140625
180 0.1125 0.04375 0.0875 0.0875
68 0.91796875 0.44765625 0.06015625 0.08828125
140 0.7828125 0.4625 0.05078125 0.09375
137 0.26953125 0.50546875 0.053125 0.1109375
142 0.78125 0.63203125 0.059375 0.09921875
98 0.1 0.671875 0.0625 0.11171875
37 0.1859375 0.67421875 0.0578125 0.10703125
3 0.2671875 0.67421875 0.0609375 0.10703125
53 0.4295144921875 0.76971084375 0.4852971015625 0.76971084375 0.4852971015625 0.6690843375 0.4295144921875 0.6690843375 0.4295144921875 0.76971084375
100 0.63984375 0.7203125 0.06171875 0.09296875
102 0.71640625 0.721875 0.05390625 0.09609375
137 0.384375 0.72265625 0.0546875 0.09765625
53 0.53828125 0.72265625 0.05546875 0.09375
180 0.8109375 0.93828125 0.1046875 0.11484375
177 0.91640625 0.09921875 0.046875 0.0890625
109 0.95390625 0.10625 0.03671875 0.07890625
59 0.6640625 0.1109375 0.05546875 0.09765625
136 0.78046875 0.1125 0.053125 0.10078125
105 0.49609375 0.1140625 0.0578125 0.10390625
28 0.196875 0.14765625 0.06171875 0.1140625
27 0.10078125 0.15390625 0.06640625 0.10703125