86 0.7078993055555556 0.19285300925925924 0.07855902777777786 0.07780671296296297
27 0.14065393518518518 0.1734085648148148 0.08200231481481479 0.08651620370370372
28 0.8148148148148149 0.19994212962962962 0.07864583333333322 0.08015046296296298
122 0.038252314814814815 0.17271412037037037 0.07650462962962963 0.08871527777777777
150 0.3389756944444445 0.18388310185185186 0.07418981481481488 0.08622685185185182
136 0.46944444444444444 0.1887152777777778 0.08333333333333322 0.08032407407407409
63 0.9147569444444444 0.20520833333333335 0.07786458333333321 0.08012152777777777
98 0.2381365740740741 0.18171296296296297 0.0765335648148148 0.0863136574074074
22 0.606105324074074 0.1953414351851852 0.07818287037037024 0.08871527777777777
96 0.28388310185185184 0.2984085648148148 0.06996527777777777 0.07748842592592595
176 0.4609375 0.3550347222222222 0.07960069444444447 0.0848668981481481
171 0.472974537037037 0.05115740740740741 0.07358217592592595 0.06982060185185186
125 0.0045138888888888885 0.36290509259259257 0.009027777777777777 0.03206018518518512
125 0.6082465277777778 0.39100115740740743 0.02676504629629637 0.027517361111111072
112 0.645804398148148 0.4330729166666666 0.0775462962962962 0.07152777777777786
112 0.2824363425925926 0.4219618055555555 0.07465277777777776 0.07766203703703703
123 0.6025752314814815 0.5441261574074074 0.032494212962962975 0.034751157407407265
123 0.003096064814814814 0.523900462962963 0.006192129629629628 0.032175925925925955
64 0.832957175925926 0.5972511574074074 0.07465277777777786 0.07766203703703703
64 0.08029513888888888 0.5779803240740741 0.08020833333333335 0.08020833333333321
166 0.4522858796296296 0.6308738425925926 0.07630208333333321 0.08006365740740726
13 0.7803819444444444 0.728298611111111 0.02520254629629619 0.027459490740740833
13 0.13015046296296295 0.710474537037037 0.025260416666666653 0.029021990740740834
74 0.883449074074074 0.7548032407407408 0.07239583333333321 0.0799189814814815
74 0.032544849537037034 0.7308738425925926 0.06508969907407407 0.08168402777777786
137 0.44623842592592594 0.7519097222222222 0.07635995370370381 0.08162615740740745
55 0.7992476851851852 0.8103587962962961 0.04632523148148149 0.05008680555555571
55 0.7531539351851853 0.8086516203703704 0.04545717592592595 0.04771412037037024
55 0.10214120370370372 0.790798611111111 0.04707754629629628 0.04933449074074083
123 0.6841724537037037 0.8123553240740741 0.0016203703703704165 0.0016203703703702387
55 0.1505787037037037 0.7925925925925925 0.04861111111111112 0.04861111111111107
47 0.374681712962963 0.8040219907407407 0.07390046296296297 0.0784143518518519
74 0.8803819444444445 0.858738425925926 0.07311921296296298 0.07838541666666679
55 0.799045138888889 0.8580729166666667 0.04626736111111107 0.048524305555555716
55 0.7513310185185185 0.8578703703703704 0.044646990740740834 0.04690393518518512
55 0.1480324074074074 0.8402199074074075 0.04777199074074075 0.04701967592592595
55 0.09959490740740741 0.8384259259259259 0.04623842592592593 0.04774305555555571
74 0.030577256944444443 0.8371238425925925 0.06115451388888889 0.08168402777777786
10 0.442042824074074 0.8863136574074073 0.07233796296296298 0.07835648148148167
56 0.43874421296296295 0.987232349537037 0.07340856481481488 0.02553530092592595
1 0.42309027777777775 0.48975694444444445 0.07549189814814809 0.07925347222222215
1 0.4911168981481481 0.49071180555555555 0.07552083333333322 0.08003472222222215
55 0.630005787037037 0.7962673611111111 0.04221643518518512 0.04447337962962976
55 0.27065972222222223 0.782175925925926 0.03660300925925926 0.04036458333333322