171 0.9728993055555556 0.18034722222222221 0.054201388888888855 0.14645833333333336
102 0.20949652777777777 0.2576215277777778 0.10694444444444447 0.16069444444444442
3 0.36343749999999997 0.2515625 0.1162152777777778 0.19385416666666666
53 0.06194444444444445 0.2665277777777778 0.10763888888888888 0.17631944444444442
32 0.7446180555555555 0.3035069444444445 0.08996527777777778 0.12953124999999996
29 0.25979166666666664 0.6319097222222222 0.08645833333333339 0.12079861111111115
87 0.36390625 0.6319791666666668 0.06015625 0.1430208333333333
141 0.7178125 0.61625 0.08527777777777779 0.12932291666666665
142 0.8287847222222222 0.6121006944444444 0.09213541666666672 0.12572916666666673
136 0.5944444444444444 0.6232986111111111 0.09170138888888886 0.13350694444444447
137 0.4686979166666667 0.6296701388888889 0.10159722222222207 0.14564236111111112
81 0.1127951388888889 0.8294444444444444 0.09064236111111112 0.1272222222222222
36 0.24180555555555555 0.8260590277777778 0.10154513888888887 0.12692708333333336
28 0.35760416666666667 0.8248263888888889 0.08972222222222222 0.12406250000000014
37 0.5278993055555555 0.12996527777777778 0.103125 0.1449305555555555