180 0.24520833333333333 0.0140625 0.022083333333333323 0.028125
180 0.003904803240740741 0.015625 0.007809606481481482 0.03046875
148 0.7643692129629629 0.275 0.047523148148148134 0.0875
149 0.27833912037037034 0.2875 0.026915509259259274 0.04765625
136 0.39655671296296297 0.359375 0.04277777777777771 0.0796875
136 0.34497685185185184 0.36171875 0.03570023148148147 0.0734375
136 0.30122685185185183 0.36171875 0.0403645833333333 0.0703125
43 0.08542245370370369 0.3859375 0.05848958333333334 0.09140625
167 0.6194270833333333 0.4359375 0.03401620370370377 0.05703125
136 0.5657581018518518 0.509375 0.03879050925925931 0.06875
180 0.6747627314814815 0.7703125 0.019814814814814775 0.03828125
180 0.2685011574074074 0.771875 0.02058449074074069 0.03671875
149 0.6922858796296296 0.83046875 0.02533564814814824 0.0453125
149 0.28758680555555555 0.83203125 0.028466435185185192 0.04609375
136 0.7433275462962963 0.90078125 0.041903935185185225 0.0671875
136 0.3855092592592593 0.9015625 0.041145833333333395 0.0703125
136 0.8409722222222221 0.90234375 0.04107638888888872 0.0609375
136 0.4651851851851852 0.903125 0.043454861111111145 0.065625
136 0.33861689814814816 0.90390625 0.03412037037037034 0.07109375
55 0.9424652777777777 0.91171875 0.02926504629629605 0.0484375
55 0.17527777777777778 0.91171875 0.027696759259259275 0.04765625
136 0.006122685185185185 0.91171875 0.01224537037037037 0.0671875
55 0.5666608796296296 0.91484375 0.026915509259259274 0.04765625
29 0.3445196759259259 0.10703125 0.051296296296296263 0.06953125
29 0.10579861111111111 0.16640625 0.053020833333333336 0.09140625