180 0.09756944444444444 0.021979166666666668 0.03590856481481484 0.041915509259259257
171 0.007241030092592593 0.18813078703703706 0.014482060185185186 0.0620196759259259
136 0.008116319444444443 0.4341435185185185 0.016232638888888887 0.07935763888888889
96 0.15911458333333334 0.4263136574074074 0.05410879629629628 0.06951388888888896
112 0.2943576388888889 0.23222800925925924 0.0442708333333333 0.05687499999999997
125 0.2419560185185185 0.12915509259259259 0.030353009259259257 0.03949074074074073
125 0.22615740740740745 0.5135532407407407 0.028616898148148096 0.03478009259259274
112 0.27899305555555554 0.6049074074074074 0.04048032407407405 0.05994212962962955
55 0.4263310185185185 0.2529166666666667 0.0713831018518519 0.09319444444444444
55 0.4148726851851852 0.5833738425925926 0.06967592592592595 0.08926504629629636
55 0.6331597222222222 0.2553182870370371 0.07129629629629619 0.09085069444444445
55 0.6234664351851852 0.5802835648148148 0.07132523148148148 0.09163194444444436
123 0.5385127314814815 0.4917476851851852 0.028703703703703808 0.03712384259259256
123 0.5526041666666667 0.1112789351851852 0.031163194444444466 0.04028356481481481
13 0.38587962962962963 0.1645023148148148 0.027025462962962977 0.03397569444444444
59 0.529513888888889 0.4184837962962963 0.04742476851851869 0.0577025462962963
56 0.6443287037037037 0.4175636574074074 0.04589120370370381 0.05846064814814813
11 0.7876157407407407 0.17494791666666668 0.047540509259259345 0.060827546296296296
62 0.7838252314814815 0.27729166666666666 0.052112268518518336 0.05777199074074071
62 0.7750578703703704 0.5350925925925927 0.049710648148148094 0.05617476851851855
11 0.770457175925926 0.6382291666666666 0.04759837962962976 0.0623900462962963
13 0.5882233796296296 0.16150462962962964 0.027864583333333214 0.03554976851851852