0 0.2606481481481482 0.15941550925925924 0.0870081018518519 0.13559027777777777
124 0.6637731481481481 0.16538773148148148 0.08339120370370381 0.12226273148148152
85 0.46290509259259255 0.16475694444444447 0.08587962962962976 0.12620370370370368
128 0.8540509259259259 0.5152719907407407 0.0828125 0.12771990740740743
59 0.49069850156249994 0.4510284015625 0.41306971406250004 0.44987834531250004 0.408634946875 0.5696170625 0.48626373437500003 0.57076711875 0.49069850156249994 0.4510284015625
58 0.6516782407407408 0.5130555555555556 0.08518518518518511 0.1285358796296297
135 0.24849537037037037 0.5086458333333332 0.08590856481481479 0.1269849537037036
180 0.17702546296296295 0.053431712962962966 0.02890625 0.042592592592592585
52 0.85546875 0.8779918981481482 0.08628472222222214 0.09497685185185176
81 0.6368634259259259 0.8919502314814813 0.09192708333333321 0.141909722222222
126 0.43602430555555555 0.8905381944444445 0.09189814814814809 0.14112847222222236