55 0.35078125 0.6140625 0.0359375 0.046875
1 0.41171875 0.6171875 0.03671875 0.05078125
55 0.78125 0.621875 0.03671875 0.04921875
12 0.75390625 0.64921875 0.0390625 0.05078125
12 0.56953125 0.65234375 0.040625 0.0484375
123 0.4765625 0.72734375 0.0171875 0.0296875
62 0.934375 0.73046875 0.04140625 0.059375
112 0.35390625 0.73828125 0.03515625 0.04609375
64 0.83046875 0.75390625 0.04375 0.059375
42 0.79140625 0.79296875 0.046875 0.04609375
42 0.609375 0.79453125 0.04609375 0.04375
42 0.73125 0.79453125 0.046875 0.04609375
42 0.5484375 0.79453125 0.04921875 0.04453125
42 0.6703125 0.79453125 0.04765625 0.04453125
53 0.93359375 0.85546875 0.03828125 0.06015625
42 0.66796875 0.86171875 0.04765625 0.04453125
42 0.60859375 0.86171875 0.046875 0.046875
42 0.7296875 0.86328125 0.04453125 0.04296875
42 0.5484375 0.86328125 0.046875 0.04375
42 0.79296875 0.86953125 0.06484375 0.065625
55 0.60078125 0.14921875 0.0375 0.053125
53 0.93515625 0.1546875 0.04140625 0.0625
55 0.34921875 0.16171875 0.03515625 0.04296875
59 0.41015625 0.1640625 0.034375 0.04765625
55 0.78203125 0.16875 0.034375 0.04765625
12 0.75390625 0.196875 0.03515625 0.05234375
12 0.57109375 0.2 0.04296875 0.04921875
123 0.47578125 0.275 0.01953125 0.02578125
62 0.9359375 0.27890625 0.03984375 0.05859375
112 0.35390625 0.28828125 0.03359375 0.05234375
180 0.2140625 0.0296875 0.04296875 0.04765625
64 0.82734375 0.30390625 0.04140625 0.05703125
42 0.6109375 0.3390625 0.04609375 0.046875
42 0.790625 0.340625 0.04921875 0.04375
42 0.54765625 0.340625 0.046875 0.0421875
42 0.73046875 0.34140625 0.04453125 0.04453125
42 0.66875 0.3421875 0.04765625 0.046875
42 0.5484375 0.40859375 0.05 0.0453125
42 0.7296875 0.409375 0.04609375 0.04453125
42 0.66875 0.41015625 0.046875 0.04375
42 0.609375 0.4109375 0.04765625 0.04375
42 0.79296875 0.4171875 0.06640625 0.06796875
59 0.18182167031250002 0.5325902140625 0.229862303125 0.5325902140625 0.229862303125 0.4717645265625 0.18182167031250002 0.4717645265625 0.18182167031250002 0.5325902140625
136 0.0578125 0.50234375 0.04140625 0.05703125
95 0.10958464999999999 0.5301467890625 0.1474266359375 0.5301467890625 0.1474266359375 0.476654434375 0.10958464999999999 0.476654434375 0.10958464999999999 0.5301467890625
55 0.6 0.6046875 0.03515625 0.053125
53 0.93359375 0.6109375 0.04375 0.0578125
53 0.93203125 0.403125 0.04140625 0.05859375