102 0.39296875 0.13515625 0.03984375 0.0703125
53 0.246875 0.1359375 0.04609375 0.07890625
102 0.54296875 0.146875 0.0390625 0.071875
137 0.92265625 0.1484375 0.04375 0.0828125
10 0.634375 0.14921875 0.046875 0.084375
19 0.82734375 0.14921875 0.04375 0.0765625
137 0.73203125 0.15 0.04609375 0.078125
37 0.24453125 0.2765625 0.04609375 0.078125
180 0.096875 0.03359375 0.03125 0.053125
123 0.525 0.346875 0.0265625 0.0546875
137 0.87265625 0.37578125 0.040625 0.075
113 0.69921875 0.4578125 0.04140625 0.07734375
102 0.5953125 0.45859375 0.0359375 0.06640625
9 0.43046875 0.46875 0.04453125 0.0828125
171 0.03203125 0.4703125 0.0421875 0.08359375
3 0.35703125 0.471875 0.04375 0.08125
32 0.14453125 0.475 0.046875 0.08046875
137 0.24609375 0.475 0.04609375 0.08046875
36 0.87265625 0.546875 0.0421875 0.075
65 0.69921875 0.58984375 0.04296875 0.07890625
102 0.59296875 0.5921875 0.03828125 0.065625
3 0.39765625 0.64375 0.04453125 0.08359375
33 0.8734375 0.709375 0.04453125 0.08046875
6 0.1578125 0.7703125 0.04609375 0.08359375
137 0.2640625 0.77265625 0.0453125 0.08046875
139 0.39921875 0.77265625 0.046875 0.08125
64 0.64765625 0.7921875 0.04609375 0.0828125
63 0.71875 0.85703125 0.046875 0.0859375
74 0.57265625 0.8578125 0.046875 0.0828125
90 0.87109375 0.85859375 0.03984375 0.06640625
39 0.3984375 0.90390625 0.04375 0.0828125