180 0.06980324074074074 0.016627604166666667 0.04086226851851853 0.033255208333333335
137 0.13955439814814813 0.16475694444444444 0.04459490740740737 0.0821875
177 0.010920138888888889 0.5191319444444444 0.021840277777777778 0.08829861111111122
55 0.3674884259259259 0.1924826388888889 0.045329861111111036 0.08064236111111112
88 0.27598379629629627 0.11878472222222222 0.049276620370370415 0.05574652777777778
102 0.27292824074074074 0.22190972222222224 0.047100694444444445 0.08770833333333332
3 0.3136400462962963 0.34982638888888895 0.05006365740740737 0.08230902777777782
3 0.3269502314814815 0.7438020833333333 0.049994212962962956 0.07996527777777765
3 0.5756886574074074 0.6227256944444445 0.051006944444444355 0.08779513888888886
3 0.5839062500000001 0.3453819444444444 0.05082175925925938 0.08154513888888885
137 0.18673032407407408 0.8913541666666667 0.04530671296296296 0.07986111111111108
102 0.32016203703703705 0.8938541666666666 0.053350694444444444 0.08784722222222215
145 0.568142361111111 0.8774131944444445 0.04857060185185169 0.08461805555555557
160 0.59203125 0.07116319444444444 0.05008680555555571 0.08309027777777778
142 0.6964293981481482 0.34210069444444446 0.04930555555555553 0.08307291666666661
102 0.6924421296296297 0.5030208333333334 0.050109953703703705 0.08387152777777782
102 0.8458854166666665 0.3044270833333333 0.050868055555555715 0.08310763888888886
57 0.8511574074074074 0.15284722222222222 0.047100694444444355 0.08770833333333332
62 0.8441087962962962 0.44343750000000004 0.04836226851851855 0.07758680555555557
28 0.9822280092592592 0.23503472222222221 0.022743055555555714 0.08248263888888889
28 0.9591840277777777 0.7492708333333333 0.03846064814814838 0.08595486111111121
141 0.8348726851851851 0.75515625 0.050109953703703525 0.08387152777777782
102 0.8294675925925926 0.8848784722222224 0.04902777777777771 0.07369791666666643
102 0.9568113425925926 0.8820486111111112 0.035104166666666714 0.07807291666666671