106 0.4891493055555555 0.17317708333333334 0.09032986111111115 0.06362847222222223
118 0.49857638888888883 0.3123842592592593 0.06359375000000007 0.08894675925925925
180 0.15583333333333332 0.4528935185185185 0.04494791666666664 0.05714699074074083
180 0.6164583333333333 0.501099537037037 0.046649305555555645 0.06351273148148148
106 0.20467013888888888 0.5089409722222222 0.08796875000000001 0.06267361111111107
137 0.7833854166666667 0.5604166666666666 0.038576388888888855 0.05121527777777786
137 0.7427430555555555 0.5581886574074074 0.03876736111111114 0.05980902777777786
106 0.6526388888888889 0.5632523148148147 0.08560763888888889 0.06171875
28 0.7571180555555556 0.6155960648148148 0.043177083333333324 0.04765625
180 0.6139930555555555 0.7176793981481481 0.04491319444444457 0.05558449074074083
137 0.779513888888889 0.7698495370370371 0.037152777777777854 0.057349537037037025
137 0.7364930555555556 0.7690104166666666 0.035555555555555604 0.05567129629629619
106 0.6478993055555555 0.7765335648148148 0.09026041666666665 0.060503472222222146
102 0.19741319444444444 0.7650752314814815 0.06354166666666669 0.08660300925925916
28 0.7547048611111111 0.829832175925926 0.04149305555555553 0.04207175925925917
180 0.415625 0.10121527777777779 0.04583333333333339 0.06189236111111111
71 0.45960069444444446 0.965060763888889 0.06515625000000007 0.06987847222222214