102 0.3932291666666667 0.15688657407407408 0.09651041666666664 0.19684606481481484
171 0.004348958333333333 0.17080439814814813 0.008697916666666666 0.13495370370370371
53 0.546875 0.15509259259259262 0.09130208333333326 0.18885995370370373
3 0.16901041666666666 0.18857060185185187 0.09937499999999999 0.19305555555555554
102 0.37140625000000005 0.4959201388888889 0.08583333333333334 0.17696759259259273
53 0.5244270833333333 0.49181134259259257 0.09161458333333332 0.1935474537037038
180 0.10744791666666667 0.0390625 0.05697916666666667 0.078125
142 0.68265625 0.7135127314814815 0.0556770833333335 0.11038773148148148
102 0.34770833333333334 0.8280092592592592 0.08901041666666662 0.17786458333333358
53 0.5015104166666667 0.8238715277777778 0.09520833333333342 0.18900462962962977
154 0.010976562499999998 0.8683738425925925 0.021953124999999997 0.11582754629629619
3 0.13484375 0.934866898148148 0.06239583333333334 0.11765046296296297
102 0.19166666666666668 0.9358796296296298 0.05229166666666667 0.10636574074074048
71 0.8346875 0.04918981481481481 0.05916666666666685 0.09837962962962962