132 0.01796875 0.15625 0.02890625 0.04921875
180 0.01796875 0.03671875 0.02890625 0.05078125
55 0.10234375 0.24921875 0.03203125 0.05546875
55 0.1015625 0.44140625 0.0359375 0.0578125
55 0.34921875 0.2640625 0.03125 0.0546875
55 0.3515625 0.4515625 0.03359375 0.0515625
55 0.56953125 0.2578125 0.03046875 0.0546875
55 0.57265625 0.45 0.03125 0.0546875
55 0.5703125 0.68984375 0.03046875 0.0546875
55 0.35 0.6921875 0.03359375 0.05390625
55 0.103125 0.6765625 0.03359375 0.05859375
132 0.01953125 0.57890625 0.0265625 0.04609375
123 0.196875 0.225 0.02421875 0.03671875
123 0.30625 0.22265625 0.02265625 0.0375
123 0.4140625 0.221875 0.025 0.040625
123 0.52421875 0.22109375 0.0234375 0.0421875
123 0.528125 0.41171875 0.021875 0.04140625
123 0.41796875 0.41171875 0.021875 0.0390625
123 0.31015625 0.41328125 0.02265625 0.040625
123 0.19921875 0.4125 0.025 0.03984375
104 0.2390625 0.26640625 0.034375 0.05859375
104 0.24296875 0.45 0.0328125 0.05625
128 0.45546875 0.26015625 0.03125 0.053125
128 0.459375 0.45 0.0296875 0.053125
104 0.24140625 0.6953125 0.034375 0.0546875
128 0.45703125 0.690625 0.03203125 0.0484375
55 0.10234375 0.87109375 0.03671875 0.059375
123 0.2015625 0.84140625 0.02578125 0.0390625
123 0.3109375 0.84296875 0.0234375 0.0421875
123 0.41875 0.8390625 0.02421875 0.0453125
123 0.52890625 0.8390625 0.02421875 0.04453125
55 0.57421875 0.8765625 0.03203125 0.05390625
128 0.4609375 0.87890625 0.034375 0.053125
55 0.35390625 0.88046875 0.03125 0.05625
104 0.2453125 0.8828125 0.03203125 0.05546875
123 0.196875 0.65390625 0.0234375 0.03828125
123 0.30703125 0.65390625 0.025 0.0375
123 0.415625 0.6515625 0.02734375 0.04375
123 0.52578125 0.6515625 0.025 0.04453125
173 0.678125 0.80234375 0.03671875 0.05625
173 0.67578125 0.3734375 0.03359375 0.0625
50 0.73046875 0.5546875 0.03046875 0.05234375