123 0.50625 0.18203125 0.028125 0.05625
123 0.74765625 0.1859375 0.028125 0.0546875
123 0.271875 0.2328125 0.03046875 0.05546875
11 0.81171875 0.246875 0.0546875 0.09609375
74 0.57265625 0.24765625 0.05390625 0.0921875
136 0.18828125 0.34609375 0.040625 0.065625
59 0.3375 0.35234375 0.0578125 0.09140625
175 0.07421875 0.35703125 0.0515625 0.08671875
123 0.7484375 0.38203125 0.03203125 0.05625
123 0.50625 0.3828125 0.02734375 0.05390625
74 0.5734375 0.43359375 0.0546875 0.09296875
11 0.8140625 0.43515625 0.05390625 0.090625
180 0.18671875 0.05078125 0.04140625 0.07890625
28 0.915625 0.053125 0.04765625 0.08984375
44 0.075 0.5546875 0.04921875 0.0828125
123 0.2734375 0.67109375 0.03359375 0.05703125
42 0.37421875 0.7234375 0.0515625 0.0671875
55 0.5703125 0.778125 0.0546875 0.1
171 0.04765625 0.81484375 0.05390625 0.07890625
42 0.37578125 0.83125 0.0546875 0.06640625
148 0.0453125 0.91640625 0.034375 0.07265625
87 0.18828125 0.95 0.04296875 0.07109375