171 0.065625 0.184375 0.07578125 0.134375
95 0.103125 0.34765625 0.08984375 0.1
59 0.21015625 0.35 0.05234375 0.09140625
136 0.21015625 0.228125 0.06796875 0.13828125
180 0.21015625 0.05703125 0.07734375 0.0921875
55 0.4125 0.23125 0.06953125 0.128125
53 0.68125 0.16953125 0.05078125 0.1
137 0.678125 0.4578125 0.06875 0.12109375
28 0.38125 0.571875 0.07421875 0.1390625
140 0.3796875 0.78125 0.0765625 0.10234375
142 0.46328125 0.78125 0.06328125 0.13515625
59 0.6109375 0.765625 0.04921875 0.090625
146 0.853125 0.4765625 0.0671875 0.13125
55 0.853125 0.77578125 0.07734375 0.13359375
55 0.68125 0.778125 0.06875 0.1234375