132 0.04133680555555556 0.09308449074074074 0.06931712962962963 0.0816550925925926
132 0.5624363425925927 0.0552662037037037 0.07164351851851851 0.07948495370370372
3 0.7993287037037037 0.06116898148148146 0.09133101851851855 0.10202546296296297
3 0.28375000000000006 0.1056134259259259 0.0929282407407408 0.10682870370370372
123 0.628912037037037 0.1652488425925926 0.04646990740740744 0.05419560185185186
123 0.8554803240740739 0.1492476851851852 0.04175925925925909 0.050723379629629625
123 0.1125173611111111 0.2050636574074074 0.05035300925925927 0.05135995370370372
123 0.3429976851851852 0.18955439814814815 0.04953125000000007 0.0458333333333333
102 0.926880787037037 0.2909143518518518 0.09931712962962962 0.1260416666666666
102 0.1722048611111111 0.34837962962962965 0.10864583333333337 0.12048611111111107
102 0.6847048611111111 0.3104166666666667 0.10864583333333329 0.12048611111111107
102 0.4089525462962963 0.3347511574074074 0.09692129629629634 0.11883680555555554
136 0.5298263888888889 0.001041666666666663 0.10340277777777782 0.002083333333333326
102 0.6941261574074075 0.5270254629629629 0.11188657407407412 0.13634259259259257
102 0.17697337962962964 0.5700231481481481 0.11105324074074074 0.12925347222222214
102 0.9160763888888889 0.5207465277777777 0.1102893518518517 0.1315393518518519
102 0.4043981481481481 0.5641203703703704 0.10783564814814817 0.11652199074074084
53 0.4495428240740741 0.7491608796296296 0.09369212962962958 0.10454282407407404
53 0.6112789351851852 0.739525462962963 0.0921469907407408 0.10677083333333322
83 0.9699204282407408 0.7189814814814814 0.060159143518518476 0.11032986111111107
127 0.8878935185185185 0.7260706018518518 0.09138310185185183 0.10905671296296297
127 0.07774305555555555 0.786863425925926 0.10074652777777778 0.10818865740740727
83 0.20120949074074074 0.7816261574074075 0.09373842592592592 0.11079282407407405
137 0.8079513888888888 0.803125 0.08344907407407405 0.09207175925925917
137 0.28453125 0.8442418981481481 0.08108796296296301 0.0895543981481481
98 0.08329861111111111 0.9037037037037038 0.10778935185185186 0.11027199074074048
98 0.9696050347222223 0.8432581018518519 0.06078993055555557 0.10732060185185191