180 0.0203125 0.0359375 0.03515625 0.0578125
171 0.0453125 0.1265625 0.04296875 0.08203125
171 0.04140625 0.540625 0.0484375 0.08359375
171 0.04375 0.8296875 0.04765625 0.0828125
37 0.11015625 0.546875 0.0640625 0.11796875
87 0.1109375 0.3578125 0.0625 0.10703125
27 0.3359375 0.24609375 0.0640625 0.10859375
53 0.44609375 0.36875 0.06640625 0.11328125
149 0.44453125 0.66328125 0.0640625 0.1140625
39 0.584375 0.6625 0.06328125 0.1171875
102 0.58515625 0.3984375 0.06484375 0.11171875
71 0.58359375 0.24140625 0.06171875 0.11015625
137 0.91015625 0.55390625 0.04609375 0.08359375
54 0.8390625 0.55625 0.0359375 0.08046875
128 0.7875 0.55625 0.05 0.08828125
55 0.72578125 0.55703125 0.04453125 0.07734375
132 0.696875 0.45234375 0.04453125 0.078125