171 0.60625 0.04921875 0.05703125 0.075
171 0.390625 0.0484375 0.06015625 0.0734375
180 0.05390625 0.14609375 0.04765625 0.059375
125 0.1875 0.4296875 0.05 0.05703125
125 0.1859375 0.684375 0.04609375 0.05078125
55 0.2953125 0.46171875 0.05859375 0.06484375
55 0.70234375 0.45859375 0.05703125 0.07265625
55 0.703125 0.71484375 0.05859375 0.0734375
55 0.29296875 0.715625 0.05703125 0.06875
136 0.49921875 0.1171875 0.05859375 0.06328125
18 0.49765625 0.23203125 0.05625 0.06796875
59 0.49921875 0.3484375 0.05234375 0.0625
59 0.50078125 0.60390625 0.0515625 0.059375
12 0.49921875 0.428125 0.0484375 0.0609375
12 0.4984375 0.68359375 0.04609375 0.05703125
123 0.18671875 0.82890625 0.0453125 0.0515625
128 0.29453125 0.85859375 0.04921875 0.05703125
128 0.70234375 0.85859375 0.05078125 0.0625
137 0.9 0.353125 0.053125 0.06875