109 0.08628472222222222 0.22505208333333332 0.03807291666666666 0.09822337962962964
95 0.08177083333333332 0.39306712962962964 0.0722048611111111 0.08932291666666661
109 0.07939236111111111 0.570318287037037 0.05369791666666666 0.0991493055555555
136 0.24418402777777776 0.38734375 0.055034722222222235 0.08908564814814816
180 0.33453125000000006 0.2189236111111111 0.06756944444444439 0.09138888888888888
137 0.3836111111111111 0.5733564814814814 0.048836805555555605 0.09105902777777786
59 0.6348611111111111 0.18630208333333334 0.04944444444444436 0.08329282407407405
12 0.6318055555555555 0.3238020833333334 0.0436805555555555 0.06968750000000004
12 0.7271180555555555 0.3181539351851852 0.04140625 0.07267361111111112
59 0.6777951388888889 0.46619791666666666 0.04864583333333332 0.08246527777777786
12 0.6509548611111111 0.6207118055555556 0.034184027777777716 0.06366319444444457
12 0.6930902777777778 0.6205555555555555 0.03902777777777775 0.07097222222222221
54 0.6505208333333334 0.710462962962963 0.03255208333333322 0.0604456018518519
54 0.6926215277777777 0.7118692129629629 0.033350694444444426 0.061273148148148236
28 0.8771875 0.44657986111111114 0.05427083333333336 0.08982060185185184
27 0.8712500000000001 0.6084375 0.06340277777777778 0.07943865740740748
169 0.8681944444444444 0.7810474537037038 0.06581597222222228 0.11781249999999996
128 0.6193055555555556 0.816082175925926 0.046076388888888965 0.07217013888888886
128 0.7185590277777777 0.8086400462962964 0.045364583333333285 0.07524884259259253