176 0.43984375 0.16953125 0.06875 0.09453125
136 0.3203125 0.17109375 0.06953125 0.0890625
125 0.1203125 0.29921875 0.03828125 0.05234375
1 0.3140625 0.3734375 0.06015625 0.08125
171 0.325 0.04375 0.0828125 0.0875
123 0.121875 0.4875 0.04140625 0.0625
102 0.5671875 0.534375 0.0609375 0.084375
74 0.1734375 0.5546875 0.04375 0.06015625
55 0.40390625 0.59765625 0.05546875 0.090625
55 0.32265625 0.60078125 0.059375 0.0890625
55 0.2390625 0.6015625 0.05859375 0.09296875
148 0.9109375 0.603125 0.065625 0.10234375
102 0.571875 0.6390625 0.06015625 0.08515625
50 0.728125 0.671875 0.07109375 0.09609375
9 0.5140625 0.7859375 0.06875 0.0953125
63 0.22421875 0.78671875 0.06796875 0.09296875
53 0.334375 0.7875 0.06796875 0.09453125
179 0.11640625 0.91328125 0.075 0.09609375
28 0.2703125 0.91328125 0.06875 0.09296875
87 0.58515625 0.9140625 0.06953125 0.0890625
29 0.4203125 0.9140625 0.07421875 0.09453125
180 0.02421875 0.1421875 0.04765625 0.0859375