55 0.0642361111111111 0.3515509259259259 0.03211805555555556 0.034351851851851835
55 0.07638888888888888 0.20850115740740743 0.034519675925925905 0.03525462962962962
55 0.1234375 0.20372685185185185 0.03686342592592595 0.035376157407407405
55 0.27337962962962964 0.19673032407407404 0.03926504629629628 0.03627893518518519
55 0.32416087962962964 0.1940972222222222 0.03758680555555553 0.034635416666666655
96 0.22230902777777778 0.11921875 0.03668981481481479 0.033032407407407406
137 0.15503472222222223 0.0713425925925926 0.03194444444444446 0.03200810185185186
112 0.07387152777777778 0.25299189814814815 0.03602430555555556 0.0345543981481482
112 0.2714699074074074 0.24352430555555554 0.03535879629629628 0.03607638888888891
128 0.05824652777777778 0.4008912037037037 0.03518518518518519 0.03373263888888882
128 0.2583622685185185 0.38895833333333335 0.031076388888888928 0.04130208333333325
55 0.2651331018518518 0.3395775462962963 0.036082175925925955 0.0353356481481482
1 0.21521990740740743 0.22542824074074072 0.031770833333333394 0.029664351851851834
1 0.2085648148148148 0.2732465277777778 0.03362268518518521 0.033651620370370415
125 0.048234953703703703 0.17883101851851851 0.02725694444444445 0.031765046296296263
125 0.24438657407407405 0.16788194444444443 0.02418981481481488 0.03238425925925927
123 0.03770254629629629 0.32101851851851854 0.028530092592592603 0.027939814814814844
123 0.23379629629629628 0.31085069444444446 0.026793981481481488 0.02551504629629626
132 0.00625 0.00625 0.0125 0.0125
136 0.23052662037037036 0.013149594907407408 0.03457754629629628 0.026299189814814817
125 0.012695312499999995 0.68421875 0.02539062499999999 0.026255787037036883
96 0.1857638888888889 0.6230844907407407 0.029427083333333305 0.029542824074074048
174 0.18153935185185185 0.6801157407407408 0.028819444444444463 0.03184606481481485
1 0.17728587962962963 0.7270312499999999 0.03032407407407405 0.031145833333333428
12 0.075 0.7105439814814816 0.02528935185185186 0.026215277777777858
12 0.27109375 0.7003761574074074 0.027459490740740743 0.023993055555555642
125 0.20844907407407404 0.6740509259259259 0.023495370370370416 0.023009259259259097
123 0.005953414351851849 0.8334780092592592 0.011906828703703697 0.023749999999999716
123 0.1974537037037037 0.8224884259259259 0.023611111111111117 0.024571759259259095
128 0.22332175925925926 0.8514988425925925 0.028819444444444463 0.03184606481481467
128 0.08587962962962963 0.8578472222222222 0.028038194444444463 0.03180555555555564
128 0.02800925925925925 0.8616261574074073 0.028211805555555546 0.03414930555555529
69 0.36973379629629627 0.7870949074074074 0.030381944444444465 0.031927083333333425
132 0.4898726851851851 0.5310474537037037 0.02199074074074083 0.02370949074074069
3 0.525607638888889 0.5844502314814815 0.03211805555555571 0.034351851851851835
3 0.5825810185185185 0.5822743055555556 0.03182870370370363 0.030445601851851835
3 0.5214988425925926 0.6399189814814814 0.03104745370370381 0.030405092592592452
3 0.5784722222222223 0.6377430555555555 0.030931712962962977 0.02884259259259263
3 0.516550925925926 0.6962094907407407 0.027864583333333214 0.029461805555555644
102 0.6528356481481481 0.5794097222222222 0.031886574074074046 0.031226851851851832
102 0.6997106481481481 0.5769791666666666 0.03272569444444429 0.032048611111111215
102 0.7450231481481481 0.5746296296296297 0.030381944444444288 0.031927083333333425
102 0.6479456018518519 0.6349189814814815 0.03362268518518512 0.033651620370370415
102 0.694039351851852 0.6325289351851853 0.034230324074074045 0.03134837962962962
102 0.7401909722222222 0.6293576388888888 0.035243055555555534 0.034513888888889
102 0.643894675925926 0.6896064814814815 0.031221064814814882 0.03274884259259263
102 0.6891493055555555 0.6880381944444445 0.03434606481481488 0.032910879629629616
102 0.7375868055555556 0.6855266203703703 0.03194444444444446 0.032008101851851836
160 0.8115451388888889 0.5696238425925927 0.032899305555555716 0.034392361111111214
160 0.8614872685185185 0.5678124999999999 0.03049768518518512 0.03348958333333343
160 0.9131076388888889 0.5643576388888889 0.032899305555555716 0.034392361111111214
160 0.807320601851852 0.6266550925925927 0.030555555555555714 0.03427083333333343
160 0.8574363425925926 0.6224999999999999 0.03440393518518512 0.03369212962962962
160 0.9081597222222222 0.6206481481481482 0.031163194444444285 0.03196759259259263
136 0.5072048611111111 0.8118749999999999 0.034895833333333216 0.029826388888889
137 0.6576678240740741 0.7768344907407407 0.026475694444444465 0.031724537037036885
137 0.6537037037037037 0.8408564814814815 0.032175925925925955 0.03513310185185183
137 0.7541377314814814 0.7982928240740741 0.029600694444444464 0.031886574074074046
137 0.8111689814814815 0.7953356481481482 0.02965856481481488 0.03266782407407405
137 0.8657986111111111 0.7932812499999999 0.03098958333333357 0.029623842592592632
137 0.861111111111111 0.8565625000000001 0.029542824074074048 0.03110532407407405
137 0.8056423611111111 0.8594386574074073 0.02748842592592595 0.03489004629629626
137 0.7493344907407407 0.8631365740740741 0.03206018518518512 0.03357060185185183
32 0.582204861111111 0.8079861111111111 0.032899305555555716 0.034392361111111214
32 0.5733217592592592 0.9174016203703704 0.02965856481481488 0.03266782407407405
137 0.6482060185185186 0.9150752314814815 0.03171296296296298 0.028883101851851833
137 0.7447627314814815 0.924855324074074 0.03043981481481488 0.03270833333333343
137 0.8016782407407408 0.9234606481481482 0.029600694444444287 0.031886574074074046
32 0.2260127314814815 0.06921875 0.029427083333333392 0.029542824074074093
44 0.8323495370370371 0.00022714120370370127 0.031221064814814882 0.00045428240740740254
174 0.8276909722222221 0.03646412037037037 0.029600694444444287 0.03188657407407407
96 0.7495949074074074 0.09265625 0.03356481481481488 0.03287037037037037
173 0.8223090277777778 0.08810763888888888 0.032899305555555716 0.034392361111111124
125 0.5755208333333334 0.15226851851851853 0.02204861111111107 0.024490740740740737
125 0.7714988425925926 0.14366319444444442 0.02282986111111107 0.024531249999999984
174 0.742013888888889 0.1739872685185185 0.029542824074074048 0.03110532407407405
112 0.6069155092592593 0.18021412037037038 0.03278356481481488 0.03282986111111112
123 0.7646701388888889 0.23585069444444445 0.021932870370370238 0.02292824074074069
123 0.568576388888889 0.2460185185185185 0.02265625 0.02218749999999998
130 0.784056712962963 0.2683101851851852 0.03171296296296298 0.028883101851851833
55 0.5965856481481481 0.3091608796296296 0.031221064814814882 0.03274884259259263
55 0.6504918981481481 0.30636574074074074 0.029600694444444287 0.031886574074074046
55 0.5932291666666667 0.35447337962962966 0.033506944444444464 0.032089120370370414
55 0.6462962962962963 0.35250000000000004 0.03110532407407405 0.03118634259259263
12 0.6369791666666667 0.26815393518518515 0.019357638888888928 0.019681712962962904
55 0.23449074074074075 0.7427430555555555 0.03266782407407405 0.03126736111111104
55 0.29609375 0.741105324074074 0.03272569444444447 0.032048611111111215
55 0.038107638888888885 0.7568171296296297 0.03116319444444444 0.03196759259259263
55 0.09513888888888888 0.7538599537037036 0.034346064814814795 0.032910879629629616