102 0.496875 0.190625 0.04296875 0.0984375
3 0.40546875 0.190625 0.0453125 0.10546875
160 0.58515625 0.19296875 0.04609375 0.11953125
171 0.046875 0.1984375 0.05234375 0.11484375
3 0.221875 0.2171875 0.07578125 0.1578125
3 0.40625 0.4796875 0.04453125 0.1046875
102 0.49765625 0.48046875 0.040625 0.09609375
160 0.5859375 0.48125 0.04765625 0.1140625
180 0.1578125 0.0640625 0.04140625 0.0921875
3 0.4046875 0.77578125 0.04453125 0.10859375
102 0.49375 0.77734375 0.0421875 0.09921875
160 0.584375 0.78203125 0.04453125 0.10625
154 0.10390625 0.828125 0.0421875 0.103125
29 0.0453125 0.85625 0.0703125 0.165625
28 0.1640625 0.925 0.04609375 0.10078125