28 0.037586805555555554 0.1727951388888889 0.06532986111111111 0.1287326388888889
75 0.5923263888888888 0.11243055555555556 0.0702430555555555 0.13899305555555555
64 0.34142361111111114 0.5344097222222223 0.06145833333333339 0.1302083333333332
55 0.33479166666666665 0.7273263888888889 0.05965277777777782 0.11923611111111114
55 0.4559375 0.7276736111111111 0.06616319444444443 0.13109374999999995
36 0.7719965277777778 0.39859374999999997 0.06312500000000014 0.13493055555555555
48 0.82546875 0.5951909722222222 0.05545138888888914 0.1058680555555556
102 0.8248611111111112 0.8335763888888887 0.06807291666666657 0.11161458333333343
95 0.041302083333333336 0.6370659722222223 0.08260416666666667 0.13010416666666663
1 0.1781076388888889 0.6378645833333334 0.07015625 0.1350868055555555
14 0.7152951388888888 0.2417881944444445 0.04484375000000007 0.08532986111111107