1 0.6997048611111112 0.83984375 0.043194444444444355 0.08353587962962976
136 0.8113888888888889 0.849681712962963 0.05942708333333328 0.11203703703703702
180 0.5170312499999999 0.1509837962962963 0.0389930555555555 0.06996527777777777
58 0.02717013888888889 0.11548032407407408 0.040659722222222215 0.07476851851851851
123 0.04470486111111111 0.2419849537037037 0.028385416666666663 0.04890046296296298
125 0.6688888888888889 0.28978587962962965 0.02531250000000007 0.051012731481481485
111 0.6043923611111112 0.3045717592592593 0.0671180555555555 0.07204861111111108
11 0.5376562500000001 0.3497106481481482 0.05682291666666668 0.10014467592592595
121 0.6026041666666666 0.38504050925925926 0.05022569444444436 0.08405671296296298
55 0.12215277777777778 0.38388310185185187 0.04644097222222223 0.08923611111111115
12 0.1200173611111111 0.4799768518518519 0.03888888888888893 0.06527777777777785
56 0.6039930555555555 0.5338252314814815 0.05274305555555543 0.09204282407407405
98 0.5297569444444445 0.5291087962962963 0.052864583333333215 0.09751157407407404
112 0.7090798611111111 0.5940393518518519 0.04312499999999986 0.08041087962962976
55 0.11864583333333334 0.5769097222222223 0.05104166666666665 0.08567708333333339
128 0.5535094968750001 0.6456188078125 0.5028051625 0.64186293125 0.5007767359375 0.7331421609375 0.5514810703124999 0.7368980374999999 0.5535094968750001 0.6456188078125
95 0.9283680555555556 0.7268807870370371 0.06585069444444436 0.1203125