177 0.8077183390625 0 0.8087306375000001 0.068330203125 0.8862049703125001 0.0648869 0.8852436828125001 0 0.8077183390625 0
55 0.24157986111111113 0.10652777777777778 0.09790509259259261 0.07383680555555557
136 0.5900983796296296 0.09651041666666667 0.0736400462962962 0.06963541666666666
95 0.7276215277777778 0.09196180555555555 0.07762731481481495 0.07527777777777778
109 0.8484201388888888 0.11942708333333334 0.05730324074074104 0.07359374999999999
171 0.9652285879629631 0.14777777777777779 0.0695428240740739 0.06960069444444442
12 0.4010011574074074 0.2081076388888889 0.08858796296296294 0.07732638888888888
59 0.4955671296296297 0.20625 0.06665509259259253 0.07244791666666668
32 0.5900983796296296 0.2020486111111111 0.08151041666666678 0.07388888888888889
159 0.8498206018518519 0.21395833333333333 0.09160879629629619 0.07043402777777778
62 0.6432002314814815 0.30366319444444445 0.06329861111111121 0.056684027777777854
137 0.5596180555555555 0.3081597222222222 0.06789351851851855 0.05064236111111118
102 0.3729340277777778 0.4243402777777778 0.05530092592592597 0.04383680555555554
65 0.2776793981481481 0.4324826388888889 0.07258101851851854 0.0508506944444445
181 0.5339409722222223 0.421875 0.06491898148148145 0.06065972222222218
26 0.1706597222222222 0.4380208333333334 0.07270833333333333 0.0594444444444445
95 0.40189814814814817 0.5325 0.06484953703703696 0.05597222222222218
3 0.6199363425925926 0.5275000000000001 0.05946180555555554 0.06119791666666678
180 0.723119212962963 0.015872395833333334 0.07982060185185187 0.03174479166666667
171 0.9257349537037036 0.8000347222222223 0.0847164351851852 0.07949652777777771
87 0.8249652777777777 0.8052951388888889 0.062262731481481384 0.03946180555555543
139 0.17961805555555554 0.1984027777777778 0.05077546296296296 0.05456597222222222
139 0.23195023148148147 0.1952951388888889 0.055474537037037044 0.05555555555555558
139 0.2874189814814815 0.1928298611111111 0.05702546296296296 0.05484374999999999
139 0.1780613425925926 0.2516319444444444 0.054635416666666714 0.05161458333333328
139 0.23276041666666666 0.2499826388888889 0.051545138888888876 0.05381944444444446
139 0.28664351851851855 0.24602430555555554 0.05383101851851855 0.050017361111111124
139 0.1811689814814815 0.30309027777777775 0.05467013888888887 0.05395833333333329
139 0.23664930555555555 0.30140625 0.05470486111111113 0.05630208333333329
105 0.61984375 0.41571180555555554 0.05777199074074062 0.05253472222222229
95 0.7241724537037036 0.8089930555555556 0.06419560185185169 0.06453124999999993
152 0.18438657407407408 0.6258159722222223 0.05467013888888887 0.05395833333333329