54 0.09429398148148148 0.344849537037037 0.039704861111111114 0.08816550925925926
137 0.3013252314814815 0.33718171296296295 0.06031828703703699 0.12954282407407405
137 0.19585069444444442 0.34186921296296297 0.031909722222222214 0.09021990740740744
137 0.6528703703703703 0.3265046296296296 0.06105902777777779 0.12410300925925925
54 0.8973900462962963 0.3190104166666667 0.04051504629629647 0.09210069444444446
54 0.4575289351851852 0.3376446759259259 0.0366087962962963 0.0919560185185185
55 0.09288194444444445 0.5354745370370371 0.04833912037037038 0.0939525462962962
55 0.8928819444444445 0.5058449074074074 0.0373495370370371 0.0865162037037038
56 0.7709953703703704 0.5119212962962963 0.04830439814814813 0.0892650462962962
56 0.19755208333333335 0.5339409722222221 0.04832175925925926 0.09160879629629619
16 0.6514467592592592 0.5186921296296296 0.06103587962962962 0.12097800925925917
16 0.3006539351851852 0.5332465277777778 0.06730902777777778 0.12433449074074084
55 0.45533564814814814 0.5282986111111111 0.045219907407407334 0.09461805555555572
128 0.4539988425925926 0.708767361111111 0.04526041666666671 0.10008680555555571
128 0.08991898148148149 0.7245949074074074 0.049149305555555564 0.09788773148148149
137 0.19458912037037038 0.7230613425925926 0.03427083333333334 0.09265046296296298
137 0.2992708333333333 0.7199652777777777 0.05791087962962962 0.12086226851851851
128 0.8922280092592592 0.6995659722222223 0.0507118055555555 0.0979456018518519
137 0.6500347222222222 0.7093171296296296 0.06497685185185187 0.1258101851851851
180 0.00998263888888889 0.07540509259259259 0.01996527777777778 0.05856481481481481
132 0.012855902777777779 0.14325810185185187 0.025711805555555557 0.05879629629629628
132 0.5504861111111111 0.12488425925925925 0.02853587962962969 0.05651041666666665