96 0.5019618055555555 0.18611689814814816 0.07412037037037038 0.07791087962962964
59 0.4969733796296296 0.30169560185185185 0.05502314814814824 0.06563657407407408
125 0.6045949074074074 0.33772569444444445 0.05076967592592592 0.05380208333333334
125 0.15144675925925927 0.3250810185185185 0.04762152777777775 0.05292824074074076
95 0.6207638888888889 0.05592592592592592 0.0798379629629629 0.060127314814814814
112 0.7946527777777778 0.4152951388888889 0.07494791666666671 0.07949652777777771
55 0.34150462962962963 0.4026504629629629 0.07418981481481488 0.08025462962962955
112 0.1899421296296296 0.3981597222222223 0.06943287037037038 0.07777199074074073
55 0.6429976851851851 0.4139293981481481 0.07338541666666672 0.07945023148148156
59 0.4903761574074075 0.5243518518518518 0.061296296296296404 0.06660300925925924
123 0.14379050925925924 0.5570891203703704 0.04996527777777775 0.05299768518518526
123 0.5976736111111112 0.5713194444444445 0.04847222222222225 0.05529513888888893
12 0.4868807870370371 0.6423206018518519 0.05469907407407408 0.05469907407407408
55 0.33133680555555556 0.6666435185185186 0.07729166666666672 0.07956597222222221
55 0.6336805555555556 0.6756018518518518 0.07338541666666672 0.07945023148148138
123 0.1369386574074074 0.7883391203703705 0.04994212962962963 0.05221643518518526
123 0.5892592592592593 0.8025231481481481 0.05164351851851841 0.05695023148148124
11 0.7059027777777779 0.8771354166666665 0.06929398148148139 0.0730844907407409
11 0.2535590277777778 0.8637326388888888 0.06766203703703706 0.07069444444444457
180 0.07387152777777778 0.11947916666666666 0.04994212962962963 0.05221643518518517