180 0.128125 0.04453125 0.03984375 0.07578125
89 0.196875 0.1875 0.08359375 0.14609375
55 0.04296875 0.18515625 0.05234375 0.10546875
102 0.1984375 0.47421875 0.06171875 0.10234375
102 0.5640625 0.1859375 0.05703125 0.10078125
102 0.565625 0.46875 0.05859375 0.10234375
53 0.38828125 0.18515625 0.08203125 0.146875
3 0.69609375 0.3359375 0.084375 0.15
37 0.69453125 0.81328125 0.08125 0.153125
6 0.83671875 0.81328125 0.0828125 0.153125
34 0.83125 0.5578125 0.0828125 0.1546875
89 0.38828125 0.471875 0.0921875 0.1671875
89 0.38828125 0.80234375 0.08828125 0.1625