32 0.071875 0.17265625 0.0734375 0.12109375
90 0.4234375 0.17578125 0.05234375 0.09375
33 0.721875 0.17734375 0.071875 0.12265625
137 0.6015625 0.18046875 0.0671875 0.11640625
137 0.41796875 0.48203125 0.06796875 0.1109375
3 0.0640625 0.54609375 0.06640625 0.115625
102 0.1859375 0.5515625 0.06875 0.121875
63 0.93046875 0.59453125 0.07265625 0.11875
74 0.74375 0.671875 0.06875 0.12109375
53 0.421875 0.67734375 0.0671875 0.12265625
102 0.540625 0.67890625 0.06796875 0.1171875
28 0.93203125 0.7703125 0.06796875 0.12109375
37 0.05859375 0.7859375 0.071875 0.11484375
87 0.18671875 0.7875 0.06484375 0.1140625
142 0.4234375 0.8796875 0.06796875 0.11171875
36 0.54296875 0.09921875 0.03515625 0.06328125
137 0.19453125 0.165625 0.07265625 0.1234375