42 0.6328125 0.27890625 0.0953125 0.12421875
74 0.7296875 0.28984375 0.065625 0.13984375
109 0.04296875 0.37734375 0.05703125 0.175
62 0.89375 0.44140625 0.06640625 0.13984375
59 0.27265625 0.4609375 0.07734375 0.1578125
42 0.6359375 0.55859375 0.084375 0.1203125
74 0.73359375 0.56484375 0.07890625 0.1515625
177 0.0421875 0.5703125 0.08359375 0.13203125
53 0.89140625 0.64453125 0.07421875 0.14296875
87 0.68125 0.88046875 0.05390625 0.115625
28 0.56953125 0.88203125 0.0625 0.11875
63 0.47109375 0.8828125 0.0578125 0.1203125
64 0.54921875 0.1328125 0.0375 0.08125
123 0.584375 0.16875 0.025 0.0453125
180 0.18984375 0.02421875 0.02578125 0.0484375
128 0.890625 0.22421875 0.0671875 0.13671875