109 0.08045138888888889 0.1624826388888889 0.09342013888888889 0.15463541666666666
37 0.40465277777777775 0.19489583333333332 0.06180555555555554 0.09241319444444444
136 0.22446180555555556 0.28630208333333335 0.054184027777777824 0.07881944444444447
178 0.07585069444444445 0.28361111111111115 0.0867361111111111 0.09196180555555555
179 0.7969097222222222 0.3164409722222222 0.05173611111111107 0.07637152777777771
119 0.6217013888888889 0.31335069444444447 0.06251736111111121 0.09088541666666669
3 0.40467013888888886 0.3882465277777778 0.04081597222222229 0.05873263888888891
109 0.07137152777777778 0.38439236111111114 0.06121527777777778 0.11421875000000004
102 0.5969791666666666 0.48211805555555554 0.07006944444444443 0.10291666666666668
102 0.50390625 0.4803298611111112 0.06762152777777786 0.10046874999999993
137 0.28668402777777774 0.47145833333333337 0.04414930555555561 0.06355902777777764
102 0.7374652777777777 0.49149305555555556 0.05973958333333336 0.09855902777777778
3 0.40145833333333336 0.478125 0.04081597222222229 0.05873263888888882
3 0.3974652777777778 0.56796875 0.04482638888888886 0.06125000000000007
136 0.20802083333333332 0.5681597222222223 0.05180555555555557 0.07793402777777772
128 0.5981597222222221 0.6669097222222222 0.040138888888888856 0.06104166666666657
128 0.6544097222222222 0.6694097222222222 0.04482638888888886 0.06125000000000007
53 0.7247222222222222 0.6725347222222222 0.041770833333333354 0.06267361111111107
28 0.8396354166666666 0.07723958333333333 0.06604166666666664 0.08246527777777776
36 0.3283333333333333 0.8905381944444445 0.07177083333333334 0.106111111111111
33 0.4462673611111111 0.8965624999999999 0.07397569444444443 0.10309027777777757
137 0.6435590277777777 0.08574652777777778 0.04973958333333321 0.0840798611111111
137 0.7255555555555555 0.09017361111111112 0.03895833333333325 0.06956597222222223
137 0.5457986111111112 0.08375000000000002 0.05510416666666664 0.08197916666666667
144 0.82421875 0.17753472222222222 0.05234375 0.07250000000000001
29 0.7836631944444445 0.8786805555555557 0.06748263888888886 0.09734375000000028