177 0.028645833333333332 0.20616319444444442 0.057291666666666664 0.2677777777777778
137 0.5354687499999999 0.21845486111111115 0.09510416666666668 0.17451388888888886
136 0.29921875 0.21789930555555553 0.08869791666666664 0.17203125000000002
32 0.41151041666666666 0.22352430555555552 0.09109374999999993 0.1845659722222223
180 0.22781250000000003 0.021493055555555557 0.06624999999999996 0.03423611111111111
3 0.31083333333333335 0.5718055555555555 0.09729166666666664 0.16052083333333336
139 0.05145833333333333 0.5660416666666667 0.08947916666666667 0.13694444444444437
102 0.47703125 0.5786284722222221 0.09453125 0.16592013888888885
53 0.7178125 0.5933680555555556 0.09036458333333322 0.15022569444444436
95 0.6959375 0.8041319444444446 0.17572916666666671 0.16694444444444442
37 0.29260416666666667 0.8100347222222222 0.09609375 0.15425347222222213