180 0.28664930555555557 0.16319444444444445 0.03380208333333332 0.056927083333333336
21 0.6935590277777777 0.20968749999999997 0.036099537037037166 0.056197916666666715
171 0.056041666666666656 0.2610590277777778 0.04755208333333334 0.07829861111111107
40 0.37971064814814814 0.2721527777777778 0.043460648148148096 0.07508680555555554
41 0.6345833333333333 0.2809375 0.038402777777777786 0.06873263888888896
137 0.8135358796296297 0.2856944444444444 0.04005787037037045 0.07032986111111103
20 0.7048032407407407 0.3862673611111111 0.042309027777777786 0.0688194444444445
100 0.5681770833333333 0.3847916666666667 0.041898148148148094 0.07505208333333338
102 0.49791087962962965 0.38401041666666663 0.04493055555555543 0.07355902777777779
131 0.8263657407407408 0.5153645833333333 0.04249421296296276 0.0719444444444445
8 0.3945717592592593 0.5229340277777779 0.04171296296296294 0.07192708333333328
3 0.5063368055555555 0.5261979166666666 0.043182870370370455 0.07039930555555554
102 0.6269733796296297 0.6396701388888889 0.040885416666666785 0.07112847222222207
102 0.40045717592592595 0.6354166666666666 0.044334490740740765 0.07666666666666658
102 0.5113946759259259 0.6378819444444445 0.03923032407407412 0.06953125
3 0.7341435185185186 0.6443923611111111 0.043321759259259275 0.07274305555555553
127 0.8414988425925927 0.7575694444444444 0.039230324074073765 0.06953125
128 0.5233796296296296 0.8269618055555557 0.04175925925925909 0.07270833333333329
128 0.6397858796296296 0.8295486111111112 0.0441030092592591 0.07276041666666658
53 0.7453935185185185 0.834236111111111 0.04138888888888879 0.06645833333333329
128 0.41345486111111107 0.8284201388888889 0.03978009259259263 0.06564236111111121