32 0.049062499999999995 0.17046296296296296 0.08563078703703704 0.13202546296296297
90 0.4254224537037037 0.18552662037037035 0.06147569444444443 0.10244791666666667
33 0.7456539351851852 0.19657986111111111 0.08414930555555564 0.13354166666666667
137 0.6165856481481482 0.19588541666666667 0.07831597222222228 0.12634837962962964
137 0.40293981481481483 0.5134895833333333 0.07881365740740734 0.12090277777777772
3 0.029227430555555555 0.5709895833333333 0.05845486111111111 0.1263252314814814
102 0.15065393518518516 0.5803472222222222 0.08024305555555555 0.1334259259259259
63 0.9373668981481481 0.6490393518518518 0.06758101851851847 0.12993055555555558
74 0.7415856481481482 0.7277430555555556 0.08020254629629626 0.13264467592592588
53 0.39598958333333334 0.7229803240740742 0.07872106481481485 0.13416087962962955
102 0.5240335648148149 0.7283391203703704 0.07917824074074069 0.1279340277777777
28 0.9291666666666668 0.8373668981481481 0.06453703703703724 0.1314004629629629
37 0.02118634259259259 0.8278587962962962 0.04237268518518518 0.12570601851851854
87 0.13748842592592592 0.8342534722222222 0.0758912037037037 0.12471643518518505
142 0.3862905092592593 0.9396860532407407 0.07885416666666671 0.12062789351851855
36 0.5586226851851851 0.10653356481481482 0.04102430555555543 0.06907986111111111
137 0.1807175925925926 0.16653935185185184 0.08423032407407409 0.13510416666666666