109 0.0890625 0.18671875 0.08046875 0.13984375
37 0.390625 0.203125 0.05390625 0.0828125
136 0.22734375 0.29453125 0.046875 0.07109375
178 0.08984375 0.2984375 0.07734375 0.08125
179 0.75859375 0.29921875 0.04453125 0.06875
119 0.59609375 0.30390625 0.0546875 0.08203125
3 0.3984375 0.38203125 0.0359375 0.053125
109 0.08984375 0.3921875 0.05234375 0.103125
102 0.5796875 0.4609375 0.0609375 0.09296875
102 0.49453125 0.46328125 0.05859375 0.090625
137 0.2921875 0.46328125 0.03828125 0.05703125
102 0.71015625 0.4640625 0.0515625 0.0890625
3 0.39921875 0.46484375 0.03515625 0.053125
3 0.39921875 0.5484375 0.0390625 0.0546875
136 0.22421875 0.55625 0.04453125 0.0703125
128 0.5890625 0.63125 0.034375 0.0546875
128 0.640625 0.63125 0.0390625 0.0546875
53 0.70625 0.63125 0.03671875 0.05625
28 0.7890625 0.07265625 0.0578125 0.08359375
36 0.3484375 0.84921875 0.0625 0.09609375
33 0.4578125 0.85 0.06484375 0.09296875
137 0.60703125 0.0921875 0.04296875 0.07578125
137 0.6828125 0.09296875 0.03359375 0.06328125
137 0.51640625 0.09453125 0.04765625 0.0734375
144 0.778125 0.16953125 0.0453125 0.065625
29 0.76953125 0.81953125 0.05859375 0.0875