180 0.038836805555555555 0.08292824074074075 0.07767361111111111 0.11070601851851851
59 0.24696180555555552 0.14311342592592594 0.06762152777777786 0.08449074074074074
136 0.34942129629629626 0.03312355324074074 0.05975115740740744 0.06624710648148148
32 0.6679976851851851 0.03913483796296296 0.08119212962962977 0.07826967592592592
59 0.8790162037037037 0.11814236111111112 0.06222222222222236 0.08897569444444446
55 0.06461226851851852 0.3294560185185185 0.07652777777777778 0.10590277777777776
12 0.2456539351851852 0.3368055555555555 0.08036458333333334 0.10135995370370363
55 0.3482291666666667 0.3173900462962963 0.08056134259259258 0.11464120370370363
59 0.2404340277777778 0.47832754629629626 0.06219907407407401 0.08741319444444447
55 0.058304398148148154 0.6498263888888889 0.08208912037037037 0.11235532407407404
55 0.3474363425925926 0.6344328703703704 0.07894097222222225 0.11067708333333322
12 0.23780671296296294 0.6556712962962964 0.07637731481481484 0.09574652777777785
137 0.5459780092592592 0.5146412037037037 0.0711631944444445 0.11273148148148149
137 0.7725868055555555 0.503125 0.07047453703703717 0.11895254629629637
53 0.023920717592592594 0.834837962962963 0.04784143518518519 0.11704282407407404
53 0.17824074074074076 0.8288773148148149 0.07194444444444441 0.11276041666666643
53 0.3712094907407407 0.8217303240740741 0.06556712962962959 0.10393518518518512
2 0.5439988425925926 0.3320023148148148 0.07423032407407408 0.10894097222222214