100 0.5213888888888889 0.20891782407407405 0.08975694444444446 0.13928819444444446
102 0.6628125 0.20550925925925925 0.08901041666666672 0.1408275462962963
3 0.2628298611111111 0.21814236111111113 0.08571180555555555 0.1329224537037037
102 0.3761111111111111 0.21478587962962964 0.08571180555555565 0.1329224537037037
141 0.8308159722222221 0.20209490740740738 0.10223958333333343 0.13887731481481486
137 0.5086284722222223 0.4086458333333334 0.08506944444444446 0.10401620370370371
62 0.7371701388888889 0.42063657407407407 0.08095486111111114 0.09452546296296305
68 0.8666666666666668 0.6896354166666667 0.11770833333333357 0.1323090277777778
102 0.7028993055555556 0.7077777777777777 0.09279513888888893 0.13547453703703702
141 0.5396527777777778 0.7141782407407408 0.10388888888888878 0.14282986111111118
102 0.35998263888888893 0.7202835648148148 0.0941319444444444 0.12536458333333336
87 0.9102777777777777 0.08403935185185185 0.051145833333333356 0.08817708333333334