31 0.09333333333333334 0.2677835648148148 0.08899305555555555 0.10491319444444444
59 0.3981423611111111 0.30652199074074077 0.09447916666666663 0.10585648148148152
59 0.39656250000000004 0.30725694444444446 0.07135416666666661 0.08409143518518522
137 0.7764930555555555 0.4834664351851852 0.07152777777777786 0.09190393518518522
141 0.08503472222222222 0.465324074074074 0.09493055555555556 0.0910358796296297
53 0.08053819444444445 0.6324884259259259 0.08664930555555557 0.10484375000000004
55 0.31817708333333333 0.8091724537037038 0.10343749999999999 0.122517361111111
128 0.617361111111111 0.8196006944444445 0.06703125000000014 0.10035879629629604
128 0.47878472222222224 0.8287847222222222 0.06371527777777786 0.09167245370370374
140 0.08095486111111112 0.8248148148148149 0.09904513888888888 0.10052662037037016
32 0.7818055555555554 0.1740451388888889 0.08000000000000007 0.08668981481481479
136 0.4034375 0.1737789351851852 0.08777777777777782 0.08535879629629628