10 0.8035358796296297 0.24744212962962964 0.10019097222222229 0.1411284722222222
137 0.9402546296296297 0.25149305555555557 0.08445023148148145 0.1367592592592593
137 0.6605439814814815 0.24398726851851854 0.0719444444444445 0.10984953703703706
177 0.09875578703703705 0.2296875 0.08910879629629628 0.10957754629629628
3 0.262037037037037 0.234525462962963 0.10412037037037036 0.142025462962963
102 0.470011574074074 0.340775462962963 0.08469907407407398 0.11881365740740737
177 0.09866319444444445 0.33837384259259257 0.08520254629629628 0.10946180555555554
83 0.9333912037037038 0.43035300925925923 0.09895254629629661 0.15201967592592586
37 0.25677662037037036 0.4384548611111111 0.09010416666666661 0.14317129629629619
137 0.9228530092592593 0.6012847222222222 0.08065393518518534 0.11401041666666671
10 0.006788194444444446 0.5801273148148148 0.013576388888888891 0.07275462962962961
53 0.6666724537037038 0.06354166666666666 0.08462384259259252 0.08993055555555556
3 0.004688946759259261 0.6457291666666667 0.009377893518518522 0.05237268518518512
37 0.004085648148148149 0.7019791666666666 0.008171296296296298 0.057083333333333285
53 0.0032291666666666675 0.7644791666666666 0.006458333333333335 0.06645833333333329
83 0.0022569444444444447 0.8277604166666667 0.004513888888888889 0.06177083333333329
102 0.0013773148148148145 0.8824479166666667 0.002754629629629629 0.05239583333333329
137 0.0006597222222222227 0.9293229166666667 0.0013194444444444454 0.049270833333333285
177 0.1026388888888889 0.12502314814814813 0.0799884259259259 0.11789351851851851
102 0.47903935185185187 0.14164930555555555 0.08063657407407412 0.13976851851851851