163 0.0650462962962963 0.2345833333333333 0.04933449074074074 0.11094328703703704
177 0.07974537037037037 0.6737268518518519 0.05914351851851851 0.10209490740740748
180 0.1548900462962963 0.06085069444444444 0.03252314814814814 0.057048611111111126
166 0.20552662037037037 0.18111689814814816 0.07254050925925926 0.12696180555555556
137 0.39470486111111114 0.1744386574074074 0.07902199074074075 0.13353587962962968
74 0.5580150462962964 0.16675347222222223 0.07456597222222214 0.1184895833333333
74 0.293431712962963 0.4833969907407408 0.07424768518518512 0.1309490740740742
74 0.503269675925926 0.40050347222222216 0.07962962962962976 0.12888888888888878
74 0.47436342592592595 0.6133449074074073 0.07800925925925917 0.12724537037037037
104 0.2524016203703704 0.6225057870370371 0.07907986111111107 0.13509837962962976
74 0.26652199074074073 0.8346817129629629 0.07554976851851851 0.1239988425925926
3 0.4922164351851851 0.8206307870370371 0.07317708333333321 0.1230960648148148
59 0.6400462962962963 0.8176620370370371 0.07494212962962958 0.1286458333333332
104 0.7635416666666667 0.15766203703703704 0.07077546296296297 0.12141203703703703
64 0.7890914351851852 0.8052372685185185 0.07566550925925934 0.1271238425925926
128 0.9347511574074074 0.8070775462962964 0.07557870370370381 0.1247800925925926
102 0.920949074074074 0.5612268518518518 0.07323495370370381 0.12465856481481481
141 0.9062210648148149 0.35377893518518516 0.07416087962962976 0.12860532407407402
28 0.8977430555555556 0.14600694444444445 0.07248263888888892 0.12539930555555556