132 0.009895833333333333 0.09328703703703704 0.01546875 0.02900462962962962
86 0.7092534722222222 0.09330439814814814 0.07265625 0.07452546296296295
27 0.17960069444444443 0.12625578703703705 0.07517361111111112 0.08247685185185186
28 0.8101041666666667 0.09045717592592593 0.07270833333333329 0.07686921296296297
122 0.08434027777777778 0.13424768518518518 0.07210069444444445 0.0846354166666667
150 0.36559027777777775 0.11758101851851852 0.06814236111111108 0.08206018518518521
136 0.48746527777777776 0.1103587962962963 0.07661458333333329 0.07710069444444442
63 0.9030902777777777 0.08572916666666668 0.07114583333333328 0.07677662037037036
98 0.27109375 0.12474537037037037 0.07048611111111107 0.08219907407407408
22 0.61484375 0.10437500000000002 0.07131944444444435 0.08458912037037036
96 0.32114583333333335 0.22973379629629628 0.06404513888888888 0.07323495370370373
176 0.48935763888888884 0.2659201388888889 0.072795138888889 0.08077546296296294
171 0.48328125 0.007771990740740742 0.06734375000000004 0.015543981481481483
125 0.05630208333333333 0.3158333333333333 0.026423611111111113 0.03043402777777775
125 0.62828125 0.28663194444444445 0.024774305555555643 0.026435185185185263
112 0.6650694444444445 0.32278356481481485 0.07095486111111118 0.06818287037037037
112 0.3260590277777778 0.34521990740740743 0.06873263888888888 0.07351273148148145
123 0.6314756944444444 0.43038194444444444 0.029600694444444464 0.0329629629629629
123 0.05810763888888889 0.467488425925926 0.031892361111111114 0.030758101851851904
64 0.8488020833333334 0.4589641203703704 0.06873263888888878 0.07351273148148145
64 0.14663194444444444 0.5083969907407407 0.07427083333333333 0.07696180555555543
166 0.4958854166666667 0.5244675925925926 0.07036458333333329 0.07673032407407412
13 0.80703125 0.5858217592592593 0.02321180555555564 0.026342592592592595
13 0.20013888888888892 0.6280439814814816 0.023246527777777713 0.027905092592592596
74 0.9043749999999999 0.6011747685185185 0.06645833333333329 0.07649884259259246
74 0.10453125 0.655613425925926 0.07196180555555554 0.07838541666666679
137 0.49762152777777774 0.6377951388888888 0.07039930555555554 0.07829282407407412
55 0.8298090277777778 0.6603530092592592 0.04241319444444436 0.0477662037037037
55 0.7860763888888889 0.6637268518518519 0.041579861111111074 0.04537615740740737
55 0.17838541666666666 0.7052141203703703 0.043177083333333324 0.04703125000000004
123 0.7221354166666667 0.6729918981481482 0.0008159722222222498 0.0016087962962963332
55 0.2236979166666667 0.7025289351851851 0.04472222222222229 0.046342592592592526
47 0.4331423611111111 0.6932465277777778 0.06798611111111104 0.07502893518518512
74 0.9073263888888888 0.6987847222222222 0.06720486111111121 0.07498263888888897
55 0.8315798611111112 0.704837962962963 0.04237847222222228 0.046203703703703705
55 0.7870833333333334 0.7090393518518519 0.041562499999999857 0.04459490740740737
55 0.22390625000000003 0.7471064814814815 0.043906250000000036 0.04473379629629637
55 0.179375 0.7497453703703704 0.04314236111111112 0.04546875000000004
74 0.10675347222222223 0.755613425925926 0.07194444444444445 0.07760416666666678
10 0.5004166666666666 0.7635763888888889 0.06642361111111121 0.07493634259259263
56 0.5046180555555555 0.8822337962962964 0.06873263888888878 0.07351273148148145
1 0.46095486111111106 0.39589699074074075 0.06954861111111121 0.07512152777777778
1 0.5249826388888889 0.3905381944444445 0.06956597222222224 0.07590277777777779
55 0.6710590277777777 0.6627199074074074 0.038385416666666575 0.04206597222222221
55 0.33510416666666665 0.6818460648148148 0.03362847222222225 0.03866319444444457