59 0.34638888888888886 0.058668981481481475 0.07402777777777772 0.09900462962962964
176 0.6257465277777777 0.22777777777777777 0.07144097222222215 0.08799768518518522
176 0.10543402777777777 0.21236111111111108 0.07000000000000002 0.09342013888888889
95 0.946875 0.3630034722222223 0.10625 0.11091435185185183
95 0.8259361078125 0.32995121875 0.7441563062500001 0.32752811406250004 0.7460503578125001 0.41276041562500004 0.8278301593749999 0.41518352031249994 0.8259361078125 0.32995121875
59 0.35288194444444443 0.38598958333333333 0.07498263888888897 0.1068402777777778
55 0.11270833333333333 0.539704861111111 0.07645833333333334 0.10298032407407405
55 0.6361631944444445 0.5559953703703704 0.08279513888888897 0.10707175925925938
12 0.35659722222222223 0.5531770833333333 0.07720486111111109 0.10144097222222222
53 0.12255208333333334 0.8421412037037037 0.07394097222222222 0.09509837962962955
123 0.36477430555555557 0.8508796296296296 0.07000000000000002 0.09342013888888871
128 0.6436805555555555 0.8591435185185186 0.0780555555555555 0.10458912037037038