180 0.030329861111111113 0.005625 0.023715277777777776 0.01125
148 0.7740972222222222 0.1995833333333333 0.04720486111111111 0.08817708333333334
149 0.30118055555555556 0.24281249999999996 0.026805555555555572 0.047812500000000036
136 0.4152430555555555 0.30541666666666667 0.042343750000000034 0.08005208333333336
136 0.36520833333333336 0.3103125 0.03517361111111104 0.07333333333333333
136 0.32222222222222224 0.31395833333333334 0.03980902777777775 0.07130208333333332
43 0.11232638888888888 0.3513541666666667 0.058229166666666686 0.09281249999999996
167 0.63078125 0.36515624999999996 0.03326388888888889 0.05760416666666668
136 0.5776388888888888 0.43968749999999995 0.0389930555555555 0.06968749999999986
180 0.6798090277777777 0.68640625 0.020364583333333287 0.03880208333333339
180 0.2852430555555555 0.7142708333333333 0.020329861111111035 0.037239583333333395
149 0.6956770833333333 0.7446354166666667 0.025208333333333322 0.04614583333333329
149 0.00669704861111111 0.7918749999999999 0.01339409722222222 0.05109375000000007
149 0.3018923611111111 0.7724479166666667 0.028350694444444446 0.04713541666666661
136 0.7441666666666666 0.8092708333333333 0.04130208333333343 0.06828125000000007
136 0.3972569444444444 0.8339583333333334 0.04135416666666662 0.07062500000000008
136 0.8394444444444444 0.8044791666666666 0.041163194444444426 0.06203125000000007
136 0.47456597222222224 0.8303645833333334 0.04282986111111118 0.06682291666666665
136 0.3511284722222222 0.83859375 0.034357638888888875 0.07171875000000014
55 0.937673611111111 0.8072916666666666 0.029184027777778 0.04953125000000007
55 0.1915625 0.8578125 0.02836805555555557 0.04791666666666679
136 0.018888888888888886 0.8701041666666665 0.03347222222222222 0.06697916666666685
55 0.5727604166666667 0.8347395833333333 0.026805555555555572 0.047812499999999855
29 0.3683680555555555 0.06281250000000001 0.0507118055555555 0.07046875
29 0.13583333333333333 0.13604166666666667 0.05276041666666664 0.0924479166666667