125 0.5967071759259259 0.13374999999999998 0.041151620370370526 0.050989583333333324
125 0.08875578703703704 0.16994791666666667 0.042164351851851835 0.05494791666666665
112 0.14376157407407408 0.27911458333333333 0.0758217592592593 0.09765625
112 0.8296064814814816 0.23494791666666667 0.07393518518518505 0.09208333333333334
12 0.4628703703703703 0.27807291666666667 0.04023726851851848 0.06182291666666666
123 0.5795659722222222 0.4492708333333334 0.04124421296296301 0.05255208333333332
123 0.07087962962962964 0.48473958333333333 0.042025462962962966 0.052604166666666785
4 0.4706018518518519 0.5678124999999999 0.08014467592592603 0.10494791666666678
123 0.055150462962962964 0.72390625 0.041151620370370366 0.050989583333333324
123 0.5628240740740741 0.6923958333333333 0.04354166666666668 0.05192708333333336
15 0.07185185185185186 0.048125 0.04064814814814817 0.055625
15 0.5811805555555555 0.0210546875 0.0444618055555555 0.042109375
172 0.20318287037037036 0.7996354166666666 0.10239004629629633 0.11265625000000021
24 0.7270023148148148 0.5219270833333333 0.08624421296296295 0.0765625
24 0.22029513888888888 0.5502604166666666 0.09892939814814809 0.08052083333333329