102 0.41863425925925923 0.12057291666666667 0.09262152777777785 0.10645833333333332
87 0.8853877314814815 0.10578124999999998 0.08434606481481488 0.07869791666666667
139 0.944068287037037 0.30010416666666667 0.06585648148148167 0.11244791666666672
139 0.7752604166666666 0.31213541666666667 0.08431712962962976 0.10979166666666665
139 0.8632523148148149 0.31015625 0.08119212962962977 0.10958333333333332
171 0.03843315972222222 0.36640625 0.07686631944444444 0.11104166666666675
3 0.39829282407407407 0.3427083333333333 0.08000578703703702 0.10406250000000003
102 0.3843460648148148 0.5519791666666667 0.09103009259259257 0.09546874999999985
36 0.2150752314814815 0.65421875 0.08168402777777777 0.12671875000000005
81 0.042397280092592596 0.6677083333333333 0.08479456018518519 0.13010416666666663
102 0.5537905092592592 0.8881770833333335 0.09348958333333339 0.11817708333333314
28 0.35668402777777775 0.9044270833333332 0.0797164351851852 0.10015624999999986