171 0.027381365740740744 0.17098958333333333 0.05476273148148149 0.14786458333333333
95 0.05111111111111111 0.3435416666666667 0.09688657407407408 0.1118981481481482
59 0.1643460648148148 0.3399537037037037 0.056903935185185175 0.100162037037037
136 0.16626736111111112 0.2102662037037037 0.07483217592592592 0.1511805555555555
180 0.16734374999999999 0.0384375 0.08406250000000001 0.076875
55 0.38027199074074075 0.2014872685185185 0.07545138888888889 0.14028935185185185
53 0.666400462962963 0.11896412037037037 0.055480324074074085 0.10944444444444441
137 0.659519675925926 0.4253530092592593 0.07456597222222214 0.13321180555555562
28 0.3428819444444445 0.5651041666666667 0.08109374999999996 0.1523321759259259
140 0.3372511574074074 0.7871180555555556 0.08287037037037041 0.11418981481481474
142 0.4255208333333334 0.7826678240740741 0.06931712962962955 0.14773148148148146
59 0.582795138888889 0.7569560185185186 0.053767361111111 0.09919560185185183
146 0.844375 0.434693287037037 0.07316550925925931 0.14405671296296294
55 0.839664351851852 0.752662037037037 0.08413773148148138 0.14704861111111106
55 0.6568287037037037 0.7650578703703703 0.0746006944444444 0.1355555555555556