137 0.0328125 0.3942881944444444 0.06015625 0.14732060185185195
137 0.190625 0.391556712962963 0.059375 0.1504398148148148
137 0.5109375 0.3852777777777778 0.0578125 0.13636574074074073
137 0.79765625 0.38471643518518517 0.05859375 0.14496527777777785
102 0.33046875 0.6084895833333333 0.05859375 0.13793402777777786
38 0.3265625 0.1428935185185185 0.05859375 0.14574652777777777
128 0.23125 0.8498495370370371 0.06171875 0.14498842592592567
131 0.328125 0.8514756944444445 0.0625 0.14890046296296297
53 0.41484375 0.8500520833333333 0.06171875 0.14264467592592603
84 0.6328125 0.3875 0.0578125 0.14417824074074073
106 0.115625 0.39601851851851855 0.0640625 0.15281828703703706
144 0.7125 0.3790972222222222 0.0578125 0.13870949074074074
10 0.328125 0.41553819444444445 0.0625 0.14655671296296297
144 0.88359375 0.3840798611111111 0.05703125 0.14026620370370368
116 0.9640625 0.3702025462962963 0.04921875 0.14567708333333335
53 0.08828125 0.8634085648148148 0.05 0.12615162037037067
53 0.1546875 0.8597916666666666 0.0515625 0.11444444444444457