123 0.42736111111111114 0.2367650462962963 0.021788194444444464 0.06760995370370368
123 0.3314409722222222 0.23888310185185185 0.022465277777777716 0.06296875000000002
57 0.30395421875 0.2805578546875 0.25050688593750003 0.27739060625 0.2546156421875 0.462284675 0.308062975 0.46545192343749997 0.30395421875 0.2805578546875
59 0.40793402777777776 0.3807349537037037 0.05795138888888882 0.18522569444444442
176 0.10017361111111112 0.36483796296296295 0.060954861111111126 0.17994212962962966
50 0.6423958333333333 0.3985300925925926 0.06104166666666657 0.18384837962962966
3 0.18305555555555555 0.37287037037037035 0.06020833333333333 0.18145833333333333
180 0.04050347222222222 0.03204861111111111 0.02319444444444444 0.06067129629629629
27 0.5150520833333333 0.8123032407407408 0.05769097222222221 0.1735069444444445
179 0.26743055555555556 0.7991898148148149 0.05611111111111118 0.17263310185185182
28 0.4315104166666667 0.809693287037037 0.059375 0.17906828703703717
86 0.351875 0.8073148148148148 0.056909722222222216 0.17346064814814816
132 0.06368055555555556 0.0919386574074074 0.020937500000000008 0.0644386574074074