100 0.2454513888888889 0.20477430555555554 0.06487847222222225 0.08057870370370371
53 0.6230208333333334 0.2085474537037037 0.08211805555555554 0.09488425925925928
102 0.47922453703703705 0.2114583333333333 0.07508680555555554 0.09478009259259253
102 0.4676967592592593 0.4059895833333334 0.07228587962962969 0.10020254629629619
89 0.23350115740740743 0.41960648148148144 0.08331018518518522 0.08865740740740743
141 0.875775462962963 0.5271759259259259 0.07296874999999972 0.08538194444444436
102 0.7374942129629629 0.529224537037037 0.07632523148148156 0.0893344907407407
102 0.22680555555555557 0.598454861111111 0.08901041666666672 0.09264467592592603
102 0.4546469907407408 0.6130324074074075 0.07425925925925939 0.09398726851851862
53 0.5942592592592593 0.6148668981481482 0.07706018518518505 0.08856481481481478
53 0.5812905092592592 0.8468865740740741 0.08441550925925938 0.09413773148148152
102 0.4419039351851852 0.8544155092592594 0.07972800925925938 0.09406828703703703
53 0.9065567129629629 0.027703993055555553 0.07277777777777779 0.055407986111111106
102 0.7683680555555557 0.027384259259259257 0.07888888888888879 0.054768518518518515
100 0.6317881944444445 0.026012731481481484 0.06767361111111114 0.05202546296296297
100 0.48702546296296295 0.031018518518518518 0.07594907407407411 0.062037037037037036
137 0.26037037037037036 0.03427662037037037 0.08082175925925927 0.06855324074074073