171 0.003645833333333333 0.4268518518518519 0.007291666666666666 0.10370370370370381
37 0.19940972222222222 0.17471064814814813 0.04812499999999997 0.09311342592592595
37 0.29864583333333333 0.17760416666666667 0.04677083333333334 0.10243055555555558
87 0.4016319444444444 0.1876736111111111 0.051302083333333394 0.0955729166666667
32 0.07333333333333333 0.4296296296296297 0.048993055555555554 0.09704861111111107
137 0.19515625 0.4364872685185185 0.05369791666666668 0.09800347222222232
53 0.5871180555555555 0.14450231481481485 0.04473958333333332 0.08127893518518521
102 0.5111284722222222 0.2918113425925926 0.04083333333333332 0.08113425925925925
102 0.657986111111111 0.29803240740740744 0.041545138888889 0.07803819444444446
102 0.4991493055555555 0.7956886574074074 0.042465277777777644 0.08431712962962959
102 0.8514236111111112 0.7414930555555556 0.03935763888888886 0.08498263888888893
142 0.5830034722222222 0.2944733796296296 0.04152777777777779 0.07725694444444446
3 0.5086631944444445 0.43793402777777785 0.04463541666666657 0.07659143518518512
3 0.5040277777777777 0.6465277777777778 0.0399131944444445 0.07485532407407405
160 0.6232465277777777 0.7353877314814815 0.039982638888889 0.07798032407407404
165 0.7700173611111112 0.2529224537037037 0.041770833333333354 0.08819444444444446
168 0.8628819444444445 0.26105324074074077 0.041631944444444714 0.08194444444444446
38 0.9542708333333334 0.2652199074074074 0.04251736111111128 0.08666087962962958
66 0.8591840277777777 0.39227430555555554 0.04166666666666643 0.08350694444444447
133 0.7669965277777777 0.38885995370370374 0.040885416666666785 0.08347800925925916
100 0.7373090277777777 0.7396122685185185 0.04250000000000007 0.08587962962962958
137 0.6217013888888889 0.8752893518518519 0.03907986111111121 0.07248263888888892
65 0.943611111111111 0.7449074074074075 0.03850694444444471 0.0818287037037038