59 0.3794386574074074 0.0875 0.06929976851851852 0.09765625
176 0.6272916666666667 0.2390625 0.06561921296296305 0.07890625
176 0.14916666666666667 0.2390625 0.06497685185185187 0.08359375
95 0.9160532407407409 0.3546875 0.09903356481481466 0.09921875
95 0.8060425171875 0.32757621875 0.730974128125 0.32757621875 0.72865404375 0.40587906562500004 0.8037224328124999 0.40587906562500004 0.8060425171875 0.32757621875
59 0.36887152777777776 0.39140625 0.06925347222222218 0.09609375
55 0.14025462962962962 0.53984375 0.07070023148148148 0.0921875
55 0.6207002314814816 0.540625 0.07706597222222236 0.09609375
12 0.36428819444444444 0.54609375 0.07223958333333336 0.09140625
53 0.1351388888888889 0.81796875 0.06814814814814815 0.08515625
123 0.3569907407407407 0.81875 0.06500000000000003 0.084375
128 0.6132407407407408 0.81875 0.07233217592592603 0.09453125