109 0.9615162037037038 0.26418981481481485 0.058067129629629476 0.12348958333333329
59 0.6675405092592592 0.2973263888888889 0.06541666666666668 0.09235532407407412
180 0.016064814814814816 0.029918981481481484 0.031336805555555555 0.05904513888888888
180 0.1801388888888889 0.033130787037037035 0.05949652777777779 0.06180555555555556
55 0.044189814814814814 0.3466724537037037 0.07820601851851852 0.11207175925925927
55 0.37574652777777773 0.5304513888888889 0.08125 0.1066493055555556
55 0.2648668981481482 0.5327141203703704 0.08698495370370374 0.12469907407407402
55 0.6196122685185186 0.5418749999999999 0.08211226851851841 0.11212962962962969
55 0.7977372685185184 0.5445138888888889 0.08126157407407408 0.10743055555555561
55 0.47901041666666666 0.5413541666666667 0.0781944444444445 0.1112905092592591
96 0.1618402777777778 0.5905497685185186 0.05758101851851851 0.09067708333333328
148 0.051724537037037034 0.6443749999999999 0.05615740740740742 0.10002893518518512
55 0.2670254629629629 0.7311400462962963 0.08207754629629634 0.10978587962962968
171 0.955787037037037 0.08836226851851851 0.076423611111111 0.09720486111111111
128 0.7986168981481482 0.8147800925925927 0.06230324074074076 0.09309027777777779
128 0.5986979166666666 0.8172858796296296 0.06233796296296283 0.09543402777777779
62 0.4065567129629629 0.8175636574074074 0.08608796296296291 0.11687499999999992
137 0.451863425925926 0.13244791666666667 0.08074652777777765 0.12538773148148147
136 0.7925115740740741 0.13905671296296296 0.07122106481481474 0.11509259259259261
32 0.6636400462962962 0.13949074074074072 0.0813194444444445 0.11133680555555552
55 0.038217592592592595 0.15443865740740742 0.0736111111111111 0.11825231481481482
173 0.1507638888888889 0.1592303240740741 0.053744212962962966 0.09530671296296296
28 0.3275752314814815 0.23136574074074073 0.08383680555555557 0.12309027777777777