141 0.47421875 0.21328125 0.07109375 0.071875
171 0.1109375 0.2671875 0.0734375 0.07734375
137 0.8625 0.29140625 0.0734375 0.0984375
102 0.740625 0.2984375 0.0765625 0.08671875
28 0.46953125 0.30625 0.06796875 0.0984375
171 0.11328125 0.396875 0.0734375 0.07578125
139 0.45625 0.45 0.046875 0.0515625
137 0.7 0.4734375 0.1296875 0.17109375
3 0.35078125 0.475 0.08203125 0.09140625
139 0.2 0.4765625 0.07890625 0.08984375
102 0.4828125 0.48046875 0.0765625 0.090625
65 0.70234375 0.73359375 0.096875 0.11875
142 0.35 0.73359375 0.075 0.08984375
53 0.86640625 0.734375 0.09296875 0.1140625
102 0.48125 0.73515625 0.07421875 0.0921875
180 0.35859375 0.09375 0.0859375 0.08203125
95 0.10078125 0.11015625 0.07421875 0.10390625
98 0.45546875 0.1 0.07421875 0.08828125
98 0.175 0.11171875 0.06640625 0.0890625