180 0.15078125 0.0734375 0.03203125 0.03828125
171 0.05703125 0.22734375 0.04296875 0.05703125
136 0.06015625 0.45546875 0.05546875 0.0734375
96 0.22109375 0.44921875 0.04765625 0.0640625
112 0.33984375 0.271875 0.0390625 0.0515625
125 0.28828125 0.175 0.0265625 0.03671875
125 0.28671875 0.53125 0.025 0.03203125
171 0.05859375 0.6265625 0.03984375 0.0640625
112 0.33828125 0.6171875 0.0359375 0.05546875
55 0.46328125 0.2921875 0.06328125 0.08515625
55 0.46328125 0.59921875 0.0609375 0.08203125
55 0.6546875 0.29765625 0.0625 0.0828125
55 0.65703125 0.59921875 0.0625 0.084375
123 0.57578125 0.515625 0.025 0.034375
123 0.57578125 0.1625 0.02734375 0.0375
13 0.42265625 0.21015625 0.02421875 0.03125
59 0.5640625 0.44765625 0.0421875 0.05234375
56 0.67109375 0.4484375 0.03984375 0.05390625
11 0.79453125 0.225 0.0421875 0.05546875
62 0.7953125 0.3203125 0.046875 0.053125
62 0.79609375 0.559375 0.04375 0.0515625
11 0.79453125 0.6546875 0.0421875 0.05703125
13 0.61015625 0.209375 0.025 0.03203125