31 0.1203125 0.26875 0.0828125 0.09765625
59 0.41328125 0.296875 0.08828125 0.0984375
59 0.4109375 0.29765625 0.06640625 0.078125
137 0.778125 0.45546875 0.0671875 0.0859375
141 0.1171875 0.45703125 0.0890625 0.084375
53 0.115625 0.6171875 0.08046875 0.09765625
55 0.346875 0.7796875 0.096875 0.11484375
128 0.6328125 0.78125 0.0625 0.09453125
128 0.50078125 0.79375 0.059375 0.0859375
140 0.1203125 0.8015625 0.09296875 0.09375
32 0.7765625 0.159375 0.075 0.08046875
136 0.41484375 0.1703125 0.08203125 0.0796875