55 0.2765625 0.20859375 0.12734375 0.115625
136 0.699649571875 0.26917122031249996 0.7960427343750001 0.26917122031249996 0.7960427343750001 0.16729508125 0.699649571875 0.16729508125 0.699649571875 0.26917122031249996
95 0.9390625 0.22265625 0.09921875 0.11796875
139 0.26484375 0.35078125 0.06796875 0.0875
139 0.19296875 0.35234375 0.06953125 0.08203125
139 0.3390625 0.353125 0.0765625 0.08515625
59 0.62109375 0.3828125 0.0859375 0.10703125
32 0.7515625 0.3828125 0.11953125 0.128125
12 0.49296875 0.3859375 0.1296875 0.121875
139 0.3375 0.4375 0.06953125 0.07578125
139 0.19296875 0.43828125 0.07265625 0.0765625
139 0.265625 0.43984375 0.0703125 0.0796875
139 0.19296875 0.52265625 0.07734375 0.08359375
139 0.2671875 0.52421875 0.08046875 0.08984375
62 0.81796875 0.55859375 0.08828125 0.07421875
137 0.70390625 0.55859375 0.07265625 0.07109375
180 0.93203125 0.06875 0.1109375 0.10625
102 0.453125 0.72890625 0.0765625 0.06640625
105 0.784375 0.73125 0.07109375 0.0796875
160 0.5546875 0.734375 0.075 0.0703125
65 0.3203125 0.7359375 0.09296875 0.08125
26 0.178125 0.73671875 0.1 0.09375
181 0.6671875 0.7390625 0.0796875 0.09140625
95 0.48828125 0.9046875 0.096875 0.090625
3 0.784375 0.909375 0.09375 0.1