180 0.021875 0.040625 0.04375 0.078125
171 0.06015625 0.2671875 0.03984375 0.07890625
88 0.075 0.4828125 0.04765625 0.06796875
28 0.2515625 0.38359375 0.0734375 0.128125
137 0.503125 0.37890625 0.065625 0.1234375
29 0.68671875 0.3828125 0.06796875 0.11875
33 0.42421875 0.7328125 0.09921875 0.17578125
35 0.5890625 0.72890625 0.0984375 0.18359375
139 0.7203125 0.77421875 0.0390625 0.0796875
87 0.0875 0.68046875 0.0453125 0.09375
87 0.79296875 0.46015625 0.0421875 0.078125
36 0.14609375 0.60234375 0.0375 0.07109375
34 0.23125 0.7328125 0.09609375 0.175
139 0.88984375 0.5421875 0.03984375 0.07734375
28 0.88984375 0.79140625 0.0671875 0.1234375
163 0.4140625 0.3078125 0.0359375 0.08359375
163 0.3171875 0.68828125 0.0328125 0.0796875
163 0.50078125 0.68515625 0.0359375 0.0765625
163 0.65546875 0.6890625 0.03359375 0.08046875