132 0.5995138888888889 0.1890625 0.025190972222222285 0.04375
132 0.06671875000000001 0.18984375 0.02982638888888889 0.04140625
136 0.2456423611111111 0.29609375 0.05723958333333332 0.0796875
136 0.7792361111111111 0.29609375 0.0548958333333335 0.0796875
125 0.13354166666666667 0.384375 0.027430555555555534 0.0390625
125 0.6664236111111111 0.3875 0.025989583333333323 0.04453125
59 0.7818402777777778 0.4484375 0.04126736111111118 0.0640625
59 0.2506076388888889 0.44921875 0.04208333333333334 0.065625
123 0.6715625000000001 0.58359375 0.027517361111111072 0.04296875
123 0.1372048611111111 0.584375 0.029131944444444446 0.0453125
58 0.15473958333333332 0.63515625 0.02901041666666666 0.03984375
58 0.6876215277777777 0.63828125 0.028315972222222284 0.04375
171 0.2443923611111111 0.0640625 0.06559027777777775 0.10390625
171 0.7740972222222222 0.06484375 0.0655555555555555 0.10234375
55 0.20967013888888886 0.7515625 0.044357638888888926 0.0625
55 0.8198263888888888 0.7515625 0.044166666666666646 0.05390625
55 0.7424826388888889 0.7515625 0.04196180555555564 0.06015625
55 0.2886284722222222 0.75390625 0.036527777777777715 0.06171875
131 0.18852430555555558 0.925 0.050295138888888855 0.08359375
100 0.3299479166666667 0.92578125 0.05328125000000004 0.07734375
128 0.4018229166666666 0.92578125 0.055034722222222145 0.0859375
131 0.7236979166666666 0.92578125 0.055034722222222145 0.0859375
128 0.9346354166666666 0.92578125 0.05336805555555557 0.08125
137 0.11666666666666667 0.92578125 0.05249999999999999 0.07734375
83 0.26121527777777775 0.9265625 0.05741319444444448 0.0875
137 0.6526215277777778 0.9265625 0.05498263888888886 0.08359375
83 0.7948090277777778 0.9265625 0.051857638888888856 0.08359375
100 0.8651215277777778 0.9265625 0.05107638888888886 0.08359375
180 0.03378472222222222 0.14921875 0.02909722222222222 0.04375