52 0.7963252314814815 0.24921875 0.04510995370370381 0.060677083333333305
63 0.8005497685185186 0.40557291666666667 0.041869212962962976 0.07838541666666661
55 0.9091724537037038 0.39911458333333333 0.042621527777777855 0.0776562499999999
102 0.19777199074074076 0.4763020833333333 0.037962962962962976 0.078125
3 0.1056712962962963 0.4847916666666666 0.039409722222222235 0.07510416666666657
137 0.41938657407407404 0.6025 0.03735532407407405 0.08276041666666671
17 0.3167534722222222 0.020416666666666666 0.04207175925925925 0.04083333333333333
53 0.763744212962963 0.7863020833333334 0.03961226851851851 0.08057291666666658
137 0.914525462962963 0.77625 0.03961226851851833 0.08057291666666674
137 0.8395254629629629 0.78125 0.039004629629629764 0.08520833333333329
36 0.19959490740740743 0.025234374999999996 0.038252314814814836 0.05046874999999999
1 0.7147569444444445 0.584375 0.03888888888888893 0.08208333333333329
37 0.09930555555555556 0.3129166666666666 0.04366319444444442 0.08473958333333335