3 0.2390625 0.3140625 0.06328125 0.115625
102 0.4109375 0.3171875 0.0625 0.121875
53 0.584375 0.321875 0.06640625 0.12421875
79 0.4109375 0.5875 0.0625 0.11953125
137 0.60078125 0.590625 0.065625 0.121875
28 0.8890625 0.83828125 0.06640625 0.12109375
37 0.30546875 0.10234375 0.06484375 0.121875
53 0.5796875 0.12734375 0.065625 0.11328125
102 0.71015625 0.1296875 0.06328125 0.121875
171 0.0515625 0.5046875 0.04765625 0.08515625
141 0.83984375 0.12578125 0.06796875 0.11875
171 0.9328125 0.4734375 0.04609375 0.08515625
55 0.60703125 0.83515625 0.06875 0.12734375