137 0.7178819444444444 0.07601273148148147 0.073576388888889 0.11536458333333335
137 0.5452256944444445 0.08880208333333334 0.08152777777777782 0.12063078703703704
136 0.38821759259259264 0.10121527777777777 0.07518518518518516 0.11704282407407404
28 0.9769791666666666 0.0581886574074074 0.04604166666666672 0.10280671296296298
136 0.25632523148148145 0.11568287037037037 0.07504629629629633 0.11235532407407404
171 0.03744212962962963 0.25951967592592595 0.06261574074074075 0.1137731481481481
177 0.10583912037037038 0.32178819444444445 0.06144097222222222 0.10043402777777785
109 0.037656249999999995 0.3988715277777778 0.05528935185185185 0.12960069444444447
102 0.5621064814814816 0.36785300925925923 0.07803240740740733 0.10789930555555553
102 0.5704282407407407 0.49016203703703703 0.07247106481481484 0.10436921296296298
53 0.984050925925926 0.5355324074074075 0.03189814814814795 0.10280671296296298
3 0.26817129629629627 0.5947627314814815 0.09142939814814817 0.1127893518518519
102 0.5725 0.6129340277777777 0.08733796296296284 0.10625
160 0.993488136574074 0.672511574074074 0.013023726851852047 0.07826967592592596
102 0.5734895833333333 0.7256076388888889 0.0818229166666665 0.10428240740740727
102 0.577511574074074 0.8349247685185185 0.07086226851851851 0.10269097222222215