29 0.9479050925925925 0.028897569444444444 0.07711226851851834 0.05779513888888889
102 0.49700810185185185 0.09560763888888889 0.06889467592592595 0.08100694444444445
138 0.9406712962962963 0.12265625 0.06326388888888915 0.0776388888888889
102 0.21660300925925924 0.24213541666666666 0.06314236111111118 0.07529513888888886
179 0.9337731481481482 0.24065972222222226 0.06934027777777771 0.08960069444444443
53 0.48572916666666666 0.34319444444444447 0.06440972222222215 0.08470486111111111
102 0.2101215277777778 0.3671354166666667 0.06338541666666667 0.07998263888888886
102 0.7288310185185185 0.3448611111111111 0.06502893518518534 0.08161458333333335
3 0.013771701388888887 0.37711805555555555 0.027543402777777774 0.08791666666666664
102 0.20280092592592594 0.5233506944444445 0.06453124999999993 0.0870486111111111
102 0.19622685185185185 0.6351041666666667 0.0626446759259259 0.08072916666666678
31 0.7108159722222223 0.7073263888888889 0.0725057870370371 0.09052083333333343
102 0.19031250000000002 0.7491666666666668 0.06338541666666667 0.07998263888888886
119 0.3147800925925926 0.9042013888888889 0.07328703703703701 0.0905555555555555
102 0.2350462962962963 0.012356770833333332 0.05642939814814811 0.024713541666666665
137 0.7488657407407407 0.005928819444444444 0.06711226851851855 0.011857638888888888