37 0.11484375 0.6171875 0.04296875 0.05390625
145 0.115625 0.6921875 0.0375 0.05
29 0.83046875 0.70625 0.03828125 0.0515625
87 0.1140625 0.76796875 0.04296875 0.0546875
128 0.571875 0.77109375 0.04453125 0.05625
128 0.403125 0.77265625 0.03984375 0.0546875
136 0.3515625 0.15390625 0.04375 0.0609375
18 0.3515625 0.24140625 0.04296875 0.06015625
180 0.0734375 0.2453125 0.0453125 0.040625
125 0.26328125 0.3203125 0.0125 0.0203125
59 0.49609375 0.3796875 0.040625 0.053125
137 0.11484375 0.3875 0.0421875 0.05390625
36 0.83125 0.4328125 0.04140625 0.053125
63 0.115625 0.46796875 0.040625 0.05546875
123 0.2640625 0.47109375 0.01328125 0.01953125
58 0.4734375 0.49296875 0.025 0.034375
22 0.1140625 0.54375 0.0421875 0.0546875
33 0.83046875 0.5546875 0.040625 0.05625
42 0.3875 0.5625 0.0375 0.0296875
42 0.3265625 0.56328125 0.03828125 0.03046875
42 0.4484375 0.56328125 0.03984375 0.03046875
42 0.6125 0.56328125 0.0375 0.02734375
42 0.67265625 0.56328125 0.03671875 0.028125
42 0.5515625 0.56484375 0.0359375 0.02734375