132 0.040625 0.1390625 0.06484375 0.071875
132 0.52890625 0.13984375 0.0671875 0.06953125
3 0.75078125 0.16171875 0.08515625 0.0890625
3 0.26796875 0.1671875 0.08671875 0.09296875
123 0.58984375 0.24765625 0.04296875 0.04765625
123 0.803125 0.24765625 0.03828125 0.04453125
123 0.10625 0.24921875 0.046875 0.04453125
123 0.321875 0.25078125 0.04609375 0.0390625
102 0.86875 0.3859375 0.0921875 0.1109375
102 0.16171875 0.3875 0.1015625 0.10546875
102 0.64140625 0.3875 0.10078125 0.10546875
102 0.3828125 0.390625 0.08984375 0.10390625
32 0.88984375 0.0421875 0.0890625 0.084375
136 0.5 0.04296875 0.09609375 0.0859375
102 0.6484375 0.590625 0.10390625 0.11953125
102 0.1640625 0.59453125 0.103125 0.11328125
102 0.85703125 0.6 0.103125 0.115625
102 0.37734375 0.6046875 0.1 0.1015625
53 0.41796875 0.78046875 0.0875 0.09140625
53 0.56953125 0.78359375 0.0859375 0.09296875
83 0.91796875 0.78984375 0.07890625 0.09921875
127 0.82890625 0.78984375 0.084375 0.09609375
127 0.06953125 0.790625 0.09375 0.09453125
83 0.18515625 0.79375 0.08671875 0.096875
137 0.753125 0.85625 0.07734375 0.08046875
137 0.2625 0.85859375 0.075 0.078125
98 0.07421875 0.9 0.1 0.09609375
98 0.921875 0.90625 0.0890625 0.096875