180 0.12086805555555555 0.03943865740740741 0.04107638888888889 0.06394675925925926
89 0.190931712962963 0.1837673611111111 0.0870486111111111 0.15636574074074075
55 0.03234953703703704 0.1704571759259259 0.05392361111111112 0.11174768518518521
102 0.19030671296296298 0.47919560185185184 0.0640625 0.11015625
102 0.568287037037037 0.21015625 0.05936342592592592 0.10824652777777777
102 0.5669097222222221 0.5016203703703704 0.0609375 0.10992476851851869
53 0.387818287037037 0.19678819444444445 0.08549189814814824 0.15703125
3 0.7023032407407408 0.3740740740740741 0.08785879629629641 0.16032986111111117
37 0.6971006944444444 0.8653645833333332 0.0847569444444444 0.16322337962962977
6 0.8439756944444443 0.876244212962963 0.08631944444444457 0.16333912037037024
34 0.839670138888889 0.61328125 0.08633101851851847 0.16490162037037043
89 0.3856423611111111 0.49053819444444446 0.09579861111111106 0.17809606481481488
89 0.38312500000000005 0.8303819444444445 0.09186342592592593 0.17390046296296297