180 0.05 0.07677083333333333 0.05234375 0.06833333333333333
125 0.1953125 0.39583333333333337 0.05390625 0.06609375000000002
125 0.19375 0.6746354166666666 0.05 0.058802083333333324
55 0.31328125 0.4380729166666667 0.0640625 0.07536458333333336
55 0.7578125 0.4645833333333334 0.0625 0.08385416666666679
55 0.75859375 0.7451041666666667 0.0640625 0.08473958333333335
55 0.3109375 0.7160416666666667 0.0625 0.07916666666666679
136 0.5359375 0.07713541666666666 0.0640625 0.07380208333333334
18 0.534375 0.2028125 0.06171875 0.07755208333333333
59 0.5359375 0.33026041666666667 0.05703125 0.07177083333333334
59 0.53671875 0.6084375 0.05703125 0.06864583333333343
12 0.53515625 0.4169270833333333 0.053125 0.07072916666666665
12 0.53515625 0.6958333333333333 0.05 0.06583333333333333
123 0.19453125 0.83171875 0.04921875 0.059531249999999855
128 0.3125 0.8716145833333332 0.05390625 0.06609375000000028
128 0.75703125 0.9012499999999999 0.05546875 0.07244791666666686
137 0.971875 0.36322916666666666 0.05625 0.07796875000000006