136 0.523287037037037 0.054184027777777775 0.049675925925926026 0.06463541666666668
180 0.0547337962962963 0.10852430555555555 0.044913194444444436 0.054201388888888855
137 0.9560879629629628 0.13248842592592594 0.04889467592592567 0.06458912037037035
32 0.5232812499999999 0.15891782407407407 0.05904513888888889 0.06440972222222223
59 0.5257928240740741 0.28695023148148147 0.05049768518518523 0.07015046296296301
125 0.6268634259259259 0.32004050925925925 0.048084490740740726 0.0606365740740741
125 0.20814814814814814 0.34954282407407405 0.05515625000000002 0.06652199074074075
12 0.5249652777777778 0.3862615740740741 0.044918981481481525 0.05498263888888886
55 0.7321469907407407 0.3943055555555556 0.06380787037037035 0.07484374999999996
55 0.3235590277777778 0.4192997685185185 0.0614988425925926 0.07939236111111114
171 0.4111458333333333 0.016587094907407406 0.05666087962962969 0.03317418981481481
59 0.5267650462962963 0.5237152777777778 0.04965856481481481 0.0622916666666665
171 0.6353761574074074 0.011610243055555558 0.06371527777777786 0.023220486111111115
125 0.6293518518518518 0.5504629629629629 0.05200810185185194 0.0632118055555555
125 0.20825810185185184 0.5754166666666667 0.05359953703703706 0.06721064814814817
12 0.5274479166666667 0.6159027777777778 0.04337384259259256 0.05723379629629619
55 0.7338310185185185 0.6216493055555555 0.05987847222222218 0.07148726851851847
55 0.3236805555555556 0.6467361111111111 0.06381944444444443 0.07640624999999997
123 0.6318171296296295 0.7777604166666666 0.04965277777777786 0.06151041666666686
123 0.2107349537037037 0.8042766203703703 0.052019675925925934 0.06477430555555586
128 0.7383275462962964 0.8066203703703703 0.044172453703703596 0.05962384259259253
128 0.3258391203703704 0.8326273148148147 0.048865740740740723 0.060682870370370526