171 0.0640625 0.1109375 0.0703125 0.06171875
55 0.53203125 0.1875 0.06640625 0.065625
11 0.76484375 0.1890625 0.06171875 0.06015625
108 0.67734375 0.190625 0.0625 0.05859375
56 0.8359375 0.190625 0.0625 0.05390625
112 0.3703125 0.19140625 0.05859375 0.05390625
135 0.06328125 0.22109375 0.0515625 0.05625
12 0.3734375 0.35859375 0.0390625 0.02421875
56 0.9453125 0.36015625 0.0609375 0.0671875
12 0.54765625 0.3609375 0.059375 0.05625
32 0.06484375 0.3640625 0.05859375 0.0625
1 0.28984375 0.36484375 0.05390625 0.053125
95 0.1796875 0.365625 0.0546875 0.0546875
180 0.15703125 0.03828125 0.0546875 0.05078125
112 0.37109375 0.5375 0.05625 0.05390625
108 0.675 0.5375 0.05625 0.0546875
11 0.76640625 0.53984375 0.0640625 0.05859375
125 0.2671875 0.4453125 0.03359375 0.03125
125 0.47109375 0.4453125 0.0375 0.03515625
125 0.659375 0.44453125 0.03359375 0.0296875
57 0.834375 0.5390625 0.059375 0.05546875