180 0.1703877314814815 0.00785300925925926 0.029837962962962993 0.01570601851851852
3 0.23341435185185183 0.28533564814814816 0.0874189814814815 0.09710069444444444
38 0.9414525462962964 0.2948321759259259 0.0637905092592593 0.07062499999999998
102 0.5352430555555555 0.31233796296296296 0.05205439814814809 0.06793402777777775
53 0.3478645833333333 0.5452835648148148 0.08516203703703704 0.10875000000000004
168 0.9408680555555555 0.5324016203703703 0.0646238425925926 0.07767939814814824
102 0.5338425925925926 0.5452430555555555 0.05600694444444443 0.07429976851851841
120 0.9428414351851853 0.6933159722222222 0.062222222222222 0.06979745370370374
102 0.5420833333333334 0.7083159722222222 0.06230324074074076 0.08073495370370373
171 0.03874999999999999 0.8005902777777777 0.0654861111111111 0.0886400462962964
102 0.4404340277777778 0.0666550925925926 0.07329282407407404 0.08809027777777778
142 0.22795138888888888 0.07529513888888889 0.0850462962962963 0.09312500000000001
141 0.7488252314814815 0.8741030092592592 0.05990740740740748 0.07363425925925923
171 0.03578125 0.29431712962962964 0.06784143518518518 0.09027199074074073