59 0.4146527777777778 0.2226388888888889 0.06546874999999996 0.09890625000000001
53 0.11036458333333335 0.72984375 0.05786458333333333 0.10822337962962969
53 0.20104166666666665 0.7281712962962963 0.05875000000000004 0.11291666666666664
53 0.2971701388888889 0.7273206018518519 0.058107638888888855 0.11916087962962969
136 0.4692708333333334 0.05035879629629629 0.062239583333333216 0.09419560185185186
32 0.8591666666666666 0.050902777777777776 0.06604166666666664 0.08953703703703704
142 0.865 0.3158333333333333 0.061111111111111074 0.11371527777777776
28 0.863454861111111 0.5260127314814815 0.056388888888889 0.11211805555555561
53 0.8630555555555557 0.7549537037037036 0.07404513888888857 0.13333912037037035
59 0.5835069444444445 0.6059837962962963 0.05045138888888889 0.09098379629629641
137 0.9746527777777778 0.3041435185185185 0.039722222222222214 0.1354282407407407
102 0.9736111111111111 0.5268287037037037 0.03211805555555571 0.1095949074074074
140 0.9686111111111112 0.7518287037037037 0.03215277777777779 0.1111574074074074