132 0.033344907407407406 0.10497106481481482 0.06668981481481481 0.07755787037037036
132 0.554675925925926 0.09880208333333333 0.07164351851851851 0.07527199074074073
3 0.7912210648148148 0.1187326388888889 0.09133101851851855 0.0966550925925926
3 0.2747685185185185 0.13263310185185184 0.0929282407407408 0.10136574074074076
123 0.6186689814814815 0.2126851851851852 0.04646990740740744 0.05146412037037038
123 0.8452256944444443 0.21010995370370372 0.04175925925925909 0.04826967592592588
123 0.1022511574074074 0.22189814814814818 0.05035300925925927 0.048396990740740796
123 0.33270833333333333 0.2200462962962963 0.049531249999999985 0.042916666666666624
102 0.9144444444444444 0.35672453703703705 0.09931712962962962 0.12020833333333325
102 0.1597511574074074 0.36868634259259253 0.10864583333333337 0.11409722222222225
102 0.6722511574074075 0.36109375 0.10864583333333329 0.11409722222222216
102 0.39644097222222224 0.36908564814814815 0.09692129629629634 0.11314236111111117
32 0.9404513888888889 0.01682002314814815 0.09487847222222215 0.0336400462962963
136 0.5224768518518518 0.020729166666666667 0.10348379629629641 0.04145833333333333
102 0.6784548611111111 0.5781655092592592 0.11188657407407412 0.1297685185185184
102 0.1612326388888889 0.5905150462962963 0.11105324074074074 0.1227256944444445
102 0.9002488425925925 0.5858159722222223 0.11028935185185204 0.12505787037037042
102 0.38849537037037035 0.5980844907407408 0.10783564814814817 0.11017939814814817
53 0.43085069444444446 0.7857175925925926 0.09369212962962958 0.09903356481481466
53 0.5925520833333333 0.7856655092592593 0.09214699074074062 0.1013541666666665
83 0.957355324074074 0.7857291666666667 0.07422453703703695 0.10733796296296312
127 0.8690625000000001 0.788599537037037 0.09138310185185183 0.1036863425925926
127 0.058894675925925934 0.8021643518518518 0.10074652777777778 0.1022627314814816
83 0.18230902777777777 0.8034606481481482 0.09373842592592592 0.10528356481481467
137 0.7880671296296298 0.8608854166666667 0.08344907407407405 0.08716435185185176
137 0.2646122685185185 0.8709837962962963 0.08108796296296301 0.08478587962962969
98 0.06350115740740742 0.9184895833333334 0.10778935185185186 0.10392939814814817
98 0.9556539351851852 0.9099594907407408 0.07575231481481488 0.10267361111111128