28 0.8347743055555557 0.1570138888888889 0.06971064814814802 0.09673611111111113
53 0.5683506944444444 0.19098958333333332 0.07389467592592602 0.10151041666666667
102 0.3988194444444445 0.18722222222222223 0.07573495370370367 0.10623263888888887
3 0.24711805555555558 0.18619791666666666 0.07550347222222217 0.10232638888888887
180 0.16355324074074074 0.012239583333333335 0.025190972222222198 0.016944444444444446
179 0.8280034722222223 0.2976736111111111 0.07223958333333336 0.09991319444444446
81 0.6628125 0.3526736111111111 0.07881365740740734 0.10552083333333329
102 0.38810185185185186 0.4208854166666667 0.07403356481481475 0.10385416666666672
3 0.23718171296296298 0.41987847222222224 0.07329861111111118 0.1046180555555555
141 0.545318287037037 0.6324652777777777 0.07449074074074069 0.09840277777777776
132 0.18545717592592592 0.05184027777777778 0.023038194444444438 0.03328125
81 0.6420833333333333 0.7816840277777779 0.0783043981481482 0.09692708333333329
53 0.5324016203703704 0.8504340277777779 0.0724247685185185 0.10303819444444429
3 0.21126157407407406 0.8440798611111111 0.07559606481481485 0.10388888888888878
102 0.36126157407407405 0.8474131944444444 0.07384837962962969 0.10072916666666672
81 0.6762905092592593 0.11203124999999999 0.07771412037037032 0.11329861111111113