180 0.29390625 0.14392361111111113 0.03239583333333336 0.05362847222222222
21 0.67515625 0.19592013888888887 0.03390625000000007 0.05291666666666668
171 0.07921875 0.23019097222222223 0.04546874999999999 0.07446180555555557
40 0.3818229166666667 0.24753472222222223 0.04135416666666671 0.0711631944444445
41 0.6202604166666668 0.26046874999999997 0.036250000000000074 0.06470486111111118
137 0.7875 0.2686805555555556 0.03791666666666664 0.0663368055555555
20 0.6869270833333333 0.3607986111111111 0.040156250000000074 0.06487847222222225
100 0.55890625 0.3566666666666667 0.039739583333333425 0.0703125
102 0.49255208333333333 0.3544965277777778 0.04281249999999996 0.06967013888888882
131 0.8010416666666668 0.48348958333333336 0.03958333333333357 0.06796875
8 0.3974479166666666 0.4819097222222222 0.039583333333333304 0.06796875
3 0.5014062499999999 0.48730902777777774 0.04104166666666664 0.0664756944444445
102 0.6153645833333334 0.5959722222222222 0.03874999999999993 0.06715277777777776
102 0.4036458333333333 0.5865625 0.0421875 0.07197916666666657
102 0.5075520833333333 0.5911805555555556 0.03791666666666664 0.0663368055555555
3 0.71546875 0.6019791666666666 0.04119791666666668 0.0688194444444445
127 0.8168749999999999 0.7093055555555555 0.03713541666666664 0.06630208333333343
128 0.5193229166666666 0.7677430555555557 0.03963541666666668 0.06875
128 0.6286979166666666 0.7726041666666668 0.04197916666666668 0.06885416666666658
53 0.7272916666666667 0.7793229166666666 0.03848958333333332 0.06324652777777792
128 0.4172395833333333 0.7671006944444445 0.03760416666666657 0.0616493055555555
180 0.09494791666666666 0.9673828125 0.06526041666666668 0.065234375