125 0.32510416666666664 0.1828125 0.05644675925925924 0.0640625
125 0.1385474537037037 0.1859375 0.05369791666666668 0.05625
125 0.5713599537037037 0.1859375 0.05023726851851862 0.06484375
125 0.8151504629629629 0.18671875 0.05324074074074083 0.0625
55 0.17689814814814814 0.3078125 0.10176504629629628 0.109375
59 0.6160821759259258 0.31015625 0.09912615740740734 0.11875
114 0.37233217592592593 0.31015625 0.0945717592592592 0.10625
55 0.862957175925926 0.31015625 0.09457175925925938 0.10625
57 0.6970245359375 0.5514469703125 0.632324015625 0.5514469703125 0.6364918046875 0.6318257578125 0.701192325 0.6318257578125 0.6970245359375 0.5514469703125
180 0.07639467592592593 0.05703125 0.0896238425925926 0.07109375
102 0.8795601851851853 0.690625 0.09527199074074062 0.1046875
3 0.4031018518518518 0.76796875 0.121232638888889 0.13828125
102 0.9360532407407408 0.80078125 0.09869212962962948 0.0953125
102 0.8439409722222223 0.8625 0.09128472222222221 0.103125