59 0.40859375 0.234375 0.059375 0.09140625
53 0.13515625 0.7078125 0.0515625 0.1
53 0.21953125 0.70546875 0.05234375 0.1046875
53 0.309375 0.70390625 0.0515625 0.1109375
136 0.45546875 0.05859375 0.0546875 0.1171875
32 0.81875 0.05703125 0.059375 0.1140625
142 0.8296875 0.31796875 0.0546875 0.1046875
28 0.83203125 0.51328125 0.05 0.10390625
53 0.83671875 0.72578125 0.06640625 0.1234375
59 0.5734375 0.5890625 0.0453125 0.084375
137 0.94609375 0.3078125 0.06328125 0.125
102 0.9484375 0.5140625 0.05546875 0.1015625
140 0.94921875 0.72421875 0.05390625 0.10234375