180 0.6344097222222222 0.42777199074074074 0.027465277777777786 0.06918402777777785
180 0.24950810185185185 0.04409143518518519 0.02948495370370372 0.06383680555555556
180 0.5440393518518519 0.05936342592592593 0.02635995370370381 0.06367476851851853
180 0.1826099537037037 0.4923553240740741 0.027233796296296298 0.06527777777777785
87 0.8936979166666668 0.5580439814814815 0.05198495370370395 0.12809027777777776
137 0.7694791666666667 0.5516030092592592 0.055891203703703596 0.1282928240740741
28 0.8328530092592592 0.5564467592592592 0.056765046296296265 0.12989583333333332
179 0.9532118055555555 0.5634664351851851 0.05690393518518526 0.13223958333333333
137 0.38420138888888894 0.5690104166666666 0.05340856481481478 0.12582754629629633
87 0.5280902777777777 0.5788078703703704 0.05364004629629626 0.12973379629629633
22 0.45860532407407406 0.5759837962962963 0.05644675925925924 0.13766782407407413
3 0.2169386574074074 0.5985011574074074 0.03427083333333334 0.07888310185185184
3 0.2725 0.7080844907407406 0.03367476851851849 0.08196759259259245
180 0.6558333333333334 0.7630092592592593 0.02765046296296294 0.07230902777777785
37 0.540167824074074 0.7694733796296297 0.05929398148148142 0.1331423611111111
28 0.4691203703703703 0.766568287037037 0.05318287037037024 0.13516203703703714
179 0.39435185185185184 0.7665856481481482 0.055613425925925865 0.12360532407407412
3 0.27892939814814816 0.8034375 0.034317129629629586 0.07966435185185183
179 0.9727459490740742 0.8939351851851853 0.05450810185185162 0.1328993055555557
87 0.9134664351851853 0.8916377314814815 0.05193865740740762 0.12730902777777792
137 0.7884664351851852 0.88515625 0.05193865740740744 0.12730902777777792
28 0.8542766203703703 0.8916840277777778 0.05515625000000028 0.12903356481481473
87 0.4220833333333333 0.1831076388888889 0.04972800925925931 0.11629050925925925
149 0.2878009259259259 0.1777025462962963 0.052170138888888926 0.13121527777777775
28 0.6432696759259259 0.19613425925925926 0.05410300925925924 0.13754629629629628
136 0.3542071759259259 0.18114583333333334 0.05262731481481477 0.12578703703703703
87 0.7042534722222222 0.20007523148148149 0.049548611111111106 0.12640624999999997
137 0.5785185185185184 0.19433449074074075 0.05166087962962962 0.1226215277777778