3 0.35458333333333336 0.21780092592592593 0.07529513888888886 0.1497106481481482
102 0.4928877314814815 0.22912037037037036 0.06887152777777779 0.12590277777777778
11 0.6218287037037037 0.2414467592592593 0.07906249999999986 0.1311921296296296
177 0.045028935185185186 0.2806712962962963 0.08709490740740741 0.16134259259259257
148 0.9673640046296296 0.3478935185185185 0.0652719907407409 0.17346643518518512
136 0.1826678240740741 0.30756944444444445 0.07597800925925924 0.13647569444444443
37 0.7898032407407408 0.3576041666666666 0.0815393518518519 0.1492997685185185
166 0.35718171296296297 0.46315972222222224 0.07196759259259258 0.12218171296296294
137 0.49078125000000006 0.471857638888889 0.08222222222222228 0.13606481481481475
1 0.5169155092592593 0.7318865740740741 0.07826967592592596 0.12958333333333344
1 0.6427199074074074 0.7424652777777778 0.07596643518518516 0.13491319444444444
102 0.3706018518518518 0.7989641203703703 0.07114004629629633 0.11588541666666678