132 0.575 0.18359375 0.0234375 0.0421875
132 0.06171875 0.184375 0.02734375 0.03984375
136 0.23203125 0.2859375 0.05390625 0.0765625
136 0.74609375 0.2859375 0.05078125 0.0765625
125 0.12265625 0.37109375 0.025 0.0375
125 0.6359375 0.3734375 0.02421875 0.04296875
59 0.7453125 0.4328125 0.0390625 0.06171875
59 0.23359375 0.43359375 0.0390625 0.06328125
123 0.6359375 0.5625 0.02578125 0.04140625
123 0.12109375 0.56328125 0.02734375 0.04296875
58 0.1375 0.61171875 0.02734375 0.03828125
58 0.65078125 0.61484375 0.0265625 0.0421875
171 0.2359375 0.06328125 0.0609375 0.09921875
171 0.7453125 0.0640625 0.0609375 0.09765625
55 0.18828125 0.72421875 0.04140625 0.059375
55 0.77578125 0.72421875 0.04140625 0.0515625
55 0.70078125 0.72421875 0.0390625 0.0578125
55 0.2640625 0.7265625 0.034375 0.059375
131 0.1640625 0.890625 0.04609375 0.08046875
100 0.3 0.8921875 0.05 0.07421875
128 0.36875 0.8921875 0.05078125 0.08203125
131 0.67890625 0.8921875 0.05078125 0.08203125
128 0.88203125 0.8921875 0.05 0.078125
137 0.09453125 0.8921875 0.0484375 0.07421875
83 0.23359375 0.89296875 0.05390625 0.084375
137 0.6109375 0.89296875 0.05078125 0.08046875
83 0.74765625 0.89296875 0.0484375 0.08046875
100 0.81484375 0.89296875 0.046875 0.08046875
180 0.03125 0.1453125 0.02734375 0.0421875