132 0.15853587962962962 0.1874247685185185 0.0626909722222222 0.12713541666666667
145 0.7750752314814815 0.3121122685185186 0.12931134259259275 0.22486689814814814
177 0.06401620370370371 0.5884606481481482 0.0763425925925926 0.1800462962962964
57 0.8230586140625 0.561095959375 0.752203 0.557421965625 0.759782253125 0.7035932953125 0.8306378671875001 0.7072672890625 0.8230586140625 0.561095959375
37 0.9585604745370372 0.642806712962963 0.08287905092592567 0.23137152777777778
102 0.6034837962962963 0.6242245370370371 0.0738194444444444 0.14641203703703703
176 0.2270023148148148 0.6062615740740741 0.11554398148148151 0.2148032407407408
3 0.4184490740740741 0.6169675925925926 0.1237094907407407 0.23704282407407415
180 0.12652777777777777 0.05097222222222223 0.06633680555555554 0.09226273148148148
171 0.05061921296296297 0.3150636574074074 0.07673032407407407 0.15747106481481482
171 0.07929976851851853 0.8681886574074074 0.07681134259259262 0.15903356481481482