109 0.1875 0.0796875 0.03984375 0.0984375
177 0.28046875 0.078125 0.0484375 0.07421875
3 0.21953125 0.4421875 0.0421875 0.0859375
102 0.32734375 0.44453125 0.0421875 0.07890625
137 0.32734375 0.609375 0.04140625 0.078125
137 0.25390625 0.784375 0.04375 0.08671875
137 0.40078125 0.790625 0.04453125 0.08046875
137 0.5421875 0.7859375 0.04609375 0.0859375
83 0.46484375 0.78671875 0.04375 0.084375
83 0.3265625 0.78515625 0.04296875 0.08046875
144 0.48359375 0.609375 0.03828125 0.078125
144 0.48046875 0.44296875 0.03984375 0.0796875
144 0.58125 0.56875 0.04140625 0.07265625
144 0.70546875 0.66171875 0.03359375 0.078125
144 0.78046875 0.66328125 0.0390625 0.07265625
144 0.77890625 0.79296875 0.0359375 0.0703125
144 0.70546875 0.7953125 0.03984375 0.071875
53 0.165625 0.76796875 0.04296875 0.0859375
53 0.04765625 0.6625 0.04609375 0.08203125
144 0.92421875 0.66640625 0.0390625 0.08046875
139 0.9234375 0.79453125 0.0453125 0.07734375
107 0.74453125 0.540625 0.0453125 0.0828125