37 0.22537615740740743 0.16846064814814815 0.08354166666666671 0.18396990740740743
102 0.429375 0.26773726851851853 0.09048032407407405 0.1809490740740741
145 0.6309143518518519 0.2655324074074074 0.08680555555555554 0.18870370370370368
98 0.8901041666666666 0.2679398148148148 0.08664351851851855 0.18323495370370368
32 0.2203587962962963 0.41686342592592596 0.08586226851851855 0.1832233796296297
123 0.5415219907407407 0.6206076388888888 0.03763310185185187 0.08411458333333321
123 0.7890856481481482 0.6200636574074074 0.03744791666666671 0.07786458333333321
180 0.11766203703703704 0.035794270833333336 0.04277777777777776 0.07158854166666667
3 0.36004050925925923 0.7365277777777778 0.08512731481481488 0.1847743055555556
176 0.2091435185185185 0.7426678240740741 0.08579282407407404 0.1808796296296297
102 0.6175752314814815 0.7420833333333333 0.08181712962962955 0.17847800925925927
128 0.8729513888888889 0.741423611111111 0.08264467592592588 0.18005208333333336