180 0.06640625 0.02265625 0.06640625 0.0453125
103 0.2296875 0.1328125 0.0953125 0.10625
3 0.3765625 0.134375 0.08359375 0.10546875
102 0.55078125 0.14375 0.0875 0.10625
32 0.11953125 0.27734375 0.084375 0.10390625
37 0.23359375 0.31953125 0.08125 0.103125
137 0.37265625 0.31875 0.0875 0.115625
137 0.5234375 0.32109375 0.0859375 0.0984375
53 0.64921875 0.3203125 0.071875 0.1015625
53 0.725 0.3203125 0.07421875 0.10703125
141 0.80625 0.321875 0.0765625 0.10390625
168 0.9046875 0.37578125 0.07421875 0.08828125
136 0.11640625 0.478125 0.096875 0.09921875
22 0.1171875 0.66015625 0.0890625 0.10390625
137 0.4828125 0.78203125 0.0796875 0.1046875
53 0.611503125 0.8290440625000001 0.683021875 0.8290440625000001 0.683021875 0.7312696046875 0.611503125 0.7312696046875 0.611503125 0.8290440625000001
53 0.72734375 0.7796875 0.078125 0.09375
38 0.90390625 0.2515625 0.07265625 0.08671875
133 0.903125 0.12890625 0.07578125 0.0828125