102 0.4218923611111111 0.1326909722222222 0.08548611111111111 0.09711805555555557
87 0.8663368055555555 0.1581770833333333 0.07730902777777757 0.07118055555555554
139 0.9505208333333333 0.3489236111111111 0.070173611111111 0.10380208333333334
139 0.7833333333333333 0.34520833333333334 0.07706597222222218 0.10083333333333329
139 0.8678819444444444 0.3509895833333333 0.07394097222222236 0.10076388888888896
171 0.07963541666666667 0.33425347222222224 0.08413194444444443 0.10177083333333332
3 0.42729166666666674 0.34197916666666667 0.07291666666666678 0.09527777777777775
102 0.4376736111111111 0.5404513888888889 0.08347222222222221 0.0869270833333335
36 0.2876215277777778 0.62375 0.07385416666666664 0.11637152777777775
81 0.11890624999999999 0.6207812500000001 0.08883680555555555 0.11982638888888886
102 0.6374826388888889 0.8742534722222223 0.08597222222222226 0.10805555555555557
28 0.4516840277777778 0.8732465277777777 0.07274305555555553 0.09137152777777757