3 0.18700231481481483 0.3105671296296296 0.07358217592592595 0.12502893518518512
102 0.3672395833333334 0.3251678240740741 0.0732175925925926 0.13201388888888888
53 0.5489467592592593 0.34142361111111114 0.07804398148148159 0.13463541666666662
79 0.35043402777777777 0.6087615740740742 0.07307870370370377 0.1296701388888888
137 0.5494212962962963 0.6244733796296297 0.0763425925925926 0.1321990740740741
28 0.8363483796296297 0.9025462962962962 0.07707754629629626 0.13146412037037009
37 0.27046296296296296 0.0928587962962963 0.07556134259259259 0.13215277777777779
53 0.5563888888888888 0.13645833333333332 0.07583333333333328 0.12360532407407407
102 0.69375 0.14695023148148148 0.0739988425925926 0.13206018518518517
171 0.0029687500000000005 0.4994097222222223 0.005937500000000001 0.09178819444444457
141 0.8299189814814815 0.15109953703703702 0.07850115740740726 0.12921296296296295
171 0.9059548611111111 0.521730324074074 0.053761574074074045 0.09271412037037034
55 0.5404398148148148 0.8818750000000002 0.07979166666666657 0.13785300925925908