28 0.8515625 0.15390625 0.059375 0.08828125
53 0.60546875 0.19140625 0.06328125 0.09296875
102 0.44765625 0.19140625 0.06484375 0.096875
3 0.30625 0.19296875 0.06484375 0.09375
180 0.21953125 0.025 0.021875 0.0328125
179 0.853125 0.28515625 0.06171875 0.0921875
81 0.703125 0.33984375 0.06796875 0.096875
102 0.45078125 0.40859375 0.0640625 0.0953125
3 0.31015625 0.4109375 0.0625 0.09609375
141 0.60859375 0.60234375 0.0640625 0.090625
132 0.2421875 0.06953125 0.01953125 0.03046875
81 0.70703125 0.7390625 0.0671875 0.0890625
53 0.60859375 0.80546875 0.06171875 0.09453125
3 0.31015625 0.80625 0.06484375 0.0953125
102 0.44921875 0.80625 0.06328125 0.09296875
81 0.7015625 0.11484375 0.06640625 0.10390625