10 0.81328125 0.25 0.0921875 0.1328125
137 0.94453125 0.25 0.0765625 0.128125
137 0.6765625 0.25078125 0.065625 0.103125
177 0.13828125 0.253125 0.0828125 0.10234375
3 0.29453125 0.253125 0.0953125 0.13359375
102 0.496875 0.3484375 0.07734375 0.11171875
177 0.14140625 0.35703125 0.078125 0.10234375
83 0.9421875 0.42109375 0.090625 0.14296875
37 0.2953125 0.4484375 0.0828125 0.134375
137 0.9375 0.58515625 0.07421875 0.10625
10 0.04609375 0.5921875 0.04140625 0.0703125
53 0.67734375 0.0609375 0.078125 0.11875
3 0.04609375 0.6546875 0.0359375 0.05
37 0.046875 0.709375 0.0390625 0.05390625
53 0.046875 0.76875 0.0390625 0.0640625
83 0.046875 0.828125 0.0375 0.0578125
102 0.04765625 0.88203125 0.03671875 0.04765625
137 0.046875 0.9265625 0.0390625 0.04765625
177 0.1390625 0.153125 0.0734375 0.1109375
102 0.5 0.15859375 0.0734375 0.13125