52 0.784375 0.3359375 0.040625 0.0546875
63 0.78359375 0.48359375 0.0375 0.071875
55 0.8859375 0.484375 0.0375 0.07109375
171 0.02421875 0.509375 0.0390625 0.08125
102 0.2109375 0.5125 0.0328125 0.071875
3 0.1234375 0.51484375 0.03515625 0.06875
137 0.41640625 0.6453125 0.0328125 0.07578125
17 0.34140625 0.07265625 0.03828125 0.071875
171 0.021875 0.07421875 0.0375 0.075
53 0.73515625 0.840625 0.03515625 0.07421875
137 0.878125 0.840625 0.034375 0.07421875
137 0.80625 0.840625 0.034375 0.078125
36 0.2296875 0.075 0.034375 0.06953125
1 0.69609375 0.646875 0.034375 0.07578125
37 0.1234375 0.35234375 0.03828125 0.07734375