136 0.5869444444444445 0.06913194444444445 0.07072916666666665 0.05699652777777777
32 0.44366319444444446 0.15979166666666667 0.07635416666666668 0.06427083333333332
137 0.15480902777777777 0.23350694444444448 0.0731076388888889 0.0586631944444445
125 0.27782986111111113 0.3170138888888889 0.05552083333333328 0.03993055555555554
125 0.7356597222222222 0.2958854166666667 0.05017361111111107 0.04515624999999997
176 0.7584722222222222 0.1473611111111111 0.07536458333333336 0.05486111111111112
150 0.9263715277777778 0.037656249999999995 0.07326388888888893 0.06569444444444444
112 0.35036458333333337 0.354375 0.06279513888888885 0.051180555555555604
112 0.8105381944444444 0.3331423611111111 0.06916666666666664 0.056927083333333336
123 0.27508680555555554 0.4755729166666667 0.05161458333333328 0.03975694444444446
123 0.7337326388888888 0.4528472222222222 0.05557291666666657 0.04227430555555571
123 0.27315972222222223 0.6676562500000001 0.05248263888888891 0.04369791666666671
123 0.7302604166666666 0.6442187500000001 0.057204861111111074 0.04546875000000004
59 0.57640625 0.4028645833333333 0.07315972222222236 0.0610069444444445
59 0.5729340277777778 0.6644791666666666 0.07781249999999992 0.059652777777777645
176 0.26772569444444444 0.1043923611111111 0.07472222222222218 0.06107638888888891
180 0.01361111111111111 0.0665625 0.02722222222222222 0.05437499999999999
177 0.29494791666666664 0.010499131944444445 0.0772743055555555 0.02099826388888889
55 0.3446527777777778 0.5411631944444444 0.08503472222222222 0.06855902777777771
55 0.788420138888889 0.5206597222222222 0.08357638888888896 0.07317708333333339
55 0.34484375 0.7432986111111111 0.08890624999999996 0.06717013888888897
55 0.7808333333333334 0.7215798611111112 0.08895833333333343 0.06951388888888879
12 0.5733333333333334 0.7167534722222222 0.07631944444444443 0.06270833333333332
12 0.5699826388888889 0.5163194444444444 0.08562499999999992 0.05999999999999996
123 0.2704340277777778 0.8605555555555556 0.052430555555555536 0.04135416666666671
123 0.7290451388888889 0.8393923611111112 0.060243055555555536 0.04170138888888886
56 0.08861111111111111 0.75390625 0.07083333333333335 0.06168402777777775
62 0.08729166666666666 0.9186458333333333 0.07149305555555556 0.05625
128 0.33944444444444444 0.9160243055555555 0.06918402777777777 0.05770833333333343
128 0.7948958333333334 0.8965624999999999 0.06671875000000008 0.05213541666666686