136 0.5859895833333333 0.07612847222222222 0.07032986111111121 0.05463541666666667
32 0.4521354166666667 0.16121527777777778 0.07607638888888886 0.061006944444444454
137 0.17430555555555555 0.22682291666666665 0.07192708333333334 0.055451388888888876
125 0.30003472222222227 0.31083333333333335 0.0547569444444445 0.03789930555555561
125 0.74609375 0.3001388888888889 0.04953125000000007 0.04324652777777782
176 0.758454861111111 0.15597222222222223 0.07487847222222221 0.05161458333333333
150 0.914982638888889 0.05317708333333333 0.07298611111111128 0.06171875
112 0.37364583333333334 0.3482986111111111 0.06145833333333339 0.04819444444444443
112 0.8212673611111111 0.3375694444444444 0.06873263888888914 0.05381944444444446
123 0.30765624999999996 0.4647222222222222 0.0516319444444445 0.037829861111111106
123 0.7536458333333333 0.4524652777777778 0.05564236111111107 0.040260416666666646
123 0.31829861111111113 0.6513888888888889 0.052586805555555574 0.04175347222222214
123 0.7627256944444445 0.6391666666666668 0.05652777777777782 0.042621527777777855
59 0.5972743055555556 0.40041666666666664 0.07281249999999986 0.0578125
59 0.6109375 0.6550520833333333 0.07664930555555553 0.056336805555555536
176 0.2759548611111111 0.10335069444444445 0.07434027777777778 0.057065972222222205
180 0.020711805555555553 0.06131944444444444 0.03822916666666666 0.05236111111111112
177 0.2959375 0.010998263888888889 0.07543402777777777 0.021996527777777778
55 0.3801736111111111 0.5303645833333334 0.08402777777777777 0.06430555555555557
55 0.8121701388888889 0.5199826388888888 0.08270833333333343 0.06973958333333333
55 0.3927951388888889 0.7263715277777778 0.08789930555555552 0.0636111111111111
55 0.8176909722222222 0.7145833333333333 0.08796874999999993 0.06517361111111111
12 0.6147569444444445 0.7057986111111111 0.07522569444444435 0.05942708333333328
12 0.5982638888888889 0.5106597222222222 0.08446180555555571 0.056510416666666785
123 0.3282291666666667 0.8396354166666666 0.052447916666666664 0.03862847222222214
123 0.7742534722222223 0.8281597222222221 0.059513888888889 0.039565972222222
56 0.14354166666666668 0.7311284722222222 0.0705034722222222 0.058541666666666714
62 0.15303819444444444 0.8920138888888889 0.07104166666666667 0.05309027777777757
128 0.3987326388888889 0.8951562500000001 0.06876736111111112 0.054600694444444285
128 0.8424826388888889 0.885295138888889 0.06539930555555565 0.04906250000000014