29 0.964693287037037 0.0726736111111111 0.06760995370370396 0.08420138888888888
102 0.5411458333333333 0.15161458333333333 0.06203703703703702 0.07692708333333335
138 0.9639351851851853 0.17654513888888887 0.05730324074074104 0.07359375000000004
102 0.27911458333333333 0.28973958333333333 0.05726851851851853 0.07125000000000004
180 0.02734375 0.01640625 0.0546875 0.0328125
179 0.9614872685185185 0.2890798611111111 0.06293402777777786 0.08477430555555561
28 0.9653124999999999 0.00029513888888888786 0.060000000000000143 0.0005902777777777757
53 0.5384548611111111 0.3859548611111111 0.058188657407407265 0.0806597222222222
102 0.2773553240740741 0.40848958333333335 0.05733796296296294 0.07593750000000003
102 0.7703125 0.38736111111111116 0.05891203703703703 0.07678819444444444
3 0.07030092592592593 0.4192534722222222 0.06447337962962962 0.08328124999999993
102 0.2759490740740741 0.5561111111111112 0.05821180555555552 0.08222222222222228
102 0.27360532407407406 0.6616145833333333 0.05655671296296294 0.07590277777777779
31 0.7652314814814816 0.7303298611111111 0.06528935185185177 0.08565972222222218
102 0.2719965277777778 0.7702083333333334 0.05733796296296294 0.07593750000000003
37 0.05321180555555556 0.8876736111111111 0.06450810185185185 0.08562499999999992
119 0.39630208333333333 0.9169270833333332 0.06685185185185194 0.08572916666666686
102 0.2897106481481481 0.048802083333333336 0.05261574074074069 0.07338541666666668
137 0.7771643518518518 0.03632378472222222 0.06293402777777786 0.07264756944444443