59 0.28671875 0.14765625 0.05546875 0.0640625
102 0.653125 0.19921875 0.0875 0.0953125
55 0.28046875 0.29765625 0.08046875 0.08125
55 0.4234375 0.43515625 0.075 0.08125
55 0.22421875 0.43125 0.08046875 0.084375
55 0.10078125 0.43359375 0.07578125 0.08203125
65 0.6421875 0.6328125 0.06796875 0.07421875
53 0.27578125 0.76875 0.09453125 0.09375
137 0.0984375 0.7625 0.08203125 0.0828125
141 0.65234375 0.34140625 0.08046875 0.08515625
42 0.83984375 0.47734375 0.08203125 0.04921875
42 0.84140625 0.54296875 0.0859375 0.04765625
42 0.83671875 0.61328125 0.1 0.05
42 0.85546875 0.63203125 0.08515625 0.05078125
42 0.85234375 0.7625 0.09609375 0.06796875
42 0.85 0.86484375 0.10625 0.07109375
142 0.41484375 0.35078125 0.04453125 0.05234375
128 0.10234375 0.6109375 0.071875 0.075
100 0.6390625 0.78359375 0.10546875 0.07734375
130 0.4609375 0.6109375 0.06953125 0.075