128 0.9767824074074074 0.41986689814814815 0.04643518518518519 0.1492708333333333
55 0.7284895833333334 0.4184259259259259 0.10425925925925927 0.1452314814814814
59 0.4707233796296297 0.41616898148148146 0.08854166666666678 0.1418750000000001
32 0.25365162037037037 0.4168576388888889 0.09577546296296298 0.12245949074074076
171 0.07336805555555555 0.6312789351851852 0.09633101851851852 0.14120949074074077
141 0.9865031828703703 0.7964872685185185 0.02699363425925938 0.14367476851851854
176 0.2662789351851852 0.7903182870370371 0.07217592592592599 0.11664351851851862
102 0.7788020833333332 0.7986921296296297 0.08173611111111115 0.12303240740740726
3 0.4726215277777778 0.7964988425925925 0.08405671296296298 0.1222858796296297
137 0.46190393518518513 0.11851273148148148 0.09481481481481495 0.1427488425925926
163 0.6244733796296297 0.12326388888888888 0.06443287037037031 0.11887152777777779
171 0.05785300925925926 0.18671296296296297 0.10051504629629629 0.1506423611111111