59 0.42472222222222217 0.20777777777777778 0.066267361111111 0.10064236111111109
53 0.14156249999999998 0.7129513888888889 0.058663194444444414 0.10984374999999993
53 0.23291666666666666 0.7126388888888889 0.05954861111111107 0.11454861111111114
53 0.32897569444444447 0.7132118055555556 0.05812499999999998 0.12076388888888889
136 0.47111111111111115 0.04638888888888889 0.06097222222222225 0.07319444444444445
32 0.8648263888888887 0.053576388888888896 0.06635416666666671 0.06940972222222222
142 0.8814062500000001 0.3077256944444445 0.06189236111111107 0.11460069444444443
28 0.888454861111111 0.5194965277777778 0.05640624999999986 0.11369791666666665
53 0.8982465277777777 0.7492881944444444 0.07406250000000014 0.13517361111111104
59 0.6113715277777778 0.5953298611111111 0.05046874999999993 0.09248263888888886
137 0.9853255208333334 0.29840277777777774 0.029348958333333286 0.13668402777777774
102 0.9916666666666668 0.5219270833333333 0.01666666666666643 0.10996527777777772
140 0.9949609374999999 0.7492881944444444 0.010078125000000071 0.11227430555555547