59 0.2619791666666667 0.12487268518518517 0.0600868055555555 0.06892361111111112
102 0.6475520833333334 0.19016782407407407 0.09440972222222221 0.10273148148148152
55 0.2584375 0.28169560185185183 0.08626736111111111 0.08765625000000003
55 0.4116493055555555 0.4306712962962963 0.08081597222222214 0.08827546296296304
55 0.20296875 0.42058449074074067 0.08633680555555552 0.09078124999999986
55 0.07333333333333333 0.41908564814814814 0.08081597222222223 0.08827546296296304
65 0.6459548611111111 0.6452893518518519 0.07282986111111107 0.08023148148148138
53 0.2655208333333333 0.7761111111111111 0.10138888888888893 0.10059606481481467
137 0.07864583333333333 0.7635474537037037 0.08786458333333333 0.0892650462962962
141 0.6500868055555555 0.3393634259259259 0.08635416666666665 0.09156250000000003
42 0.8493402777777778 0.4873611111111112 0.08708333333333336 0.05410879629629619
42 0.8524479166666665 0.5569386574074074 0.09095486111111128 0.05266203703703702
42 0.8501736111111111 0.6302604166666667 0.10663194444444457 0.05546875
42 0.869357638888889 0.6503472222222222 0.09024305555555542 0.055763888888888856
42 0.8692881944444444 0.7877546296296296 0.10315972222222243 0.07488425925925916
42 0.8693229166666667 0.8947164351851853 0.11338541666666657 0.07831018518518533
142 0.40109374999999997 0.34213541666666664 0.04809027777777786 0.056076388888888926
128 0.07980902777777778 0.6050925925925925 0.07753472222222221 0.08115162037037038
100 0.6463368055555556 0.8030092592592591 0.11194444444444436 0.083732638888889
130 0.4555902777777778 0.6162268518518518 0.07440972222222228 0.08105902777777771