177 0.45022569444444444 0.0107421875 0.05890625000000007 0.021484375
109 0.4924131944444444 0.008984375 0.03781250000000007 0.01796875
171 0.5423784722222222 0.009687499999999998 0.07461805555555542 0.019374999999999996
132 0.019375 0.11104166666666666 0.02717013888888889 0.029114583333333322
180 0.007973090277777779 0.07130208333333334 0.015946180555555557 0.033177083333333336
122 0.10348958333333333 0.15223958333333334 0.06567708333333333 0.07692708333333335
27 0.20350694444444445 0.14479166666666665 0.07527777777777782 0.08770833333333332
98 0.3057986111111111 0.1403125 0.06887152777777779 0.08026041666666668
150 0.40737847222222223 0.13276041666666666 0.07119791666666657 0.07963541666666667
136 0.5386284722222221 0.12401041666666668 0.06651041666666657 0.07932291666666665
22 0.6799826388888889 0.11692708333333335 0.07527777777777764 0.08770833333333332
86 0.7808854166666667 0.10473958333333333 0.06977430555555557 0.08578125
28 0.8878819444444443 0.09916666666666667 0.07451388888888885 0.08843749999999999
63 0.9746354166666666 0.09182291666666667 0.044756944444444356 0.08333333333333334
112 0.7227083333333333 0.37072916666666667 0.07284722222222229 0.08364583333333338
112 0.35484375 0.39057291666666666 0.07357638888888891 0.08135416666666666
74 0.14677083333333335 0.4161458333333333 0.06880208333333333 0.07713541666666668
74 0.9257986111111112 0.35875 0.07208333333333314 0.084375
55 0.27024305555555556 0.4063541666666667 0.03451388888888891 0.043645833333333425
55 0.8055729166666665 0.3628645833333333 0.037777777777778 0.05010416666666666
96 0.35539930555555554 0.26026041666666666 0.07454861111111111 0.09000000000000004
1 0.49953125 0.44411458333333337 0.06812500000000003 0.08177083333333321
1 0.5698263888888888 0.44020833333333337 0.06972222222222228 0.08343749999999997
176 0.5347222222222222 0.2997916666666667 0.07050347222222228 0.08348958333333334
64 0.9193749999999999 0.5776041666666666 0.07121527777777778 0.08041666666666672
64 0.150625 0.6288541666666667 0.07602430555555557 0.08619791666666679
74 0.8660416666666666 0.7309374999999999 0.07131944444444435 0.08510416666666672
74 0.9543576388888889 0.7234895833333334 0.05732638888888886 0.08729166666666668
55 0.7113541666666666 0.74125 0.04395833333333332 0.047395833333333214
166 0.5266666666666666 0.5920833333333333 0.07527777777777782 0.08770833333333332
74 0.09878472222222223 0.7852083333333333 0.07119791666666667 0.07963541666666671
74 0.19803819444444443 0.77703125 0.07053819444444445 0.08505208333333343
55 0.34727430555555555 0.7663020833333334 0.03852430555555557 0.04859375000000003
137 0.525625 0.7091666666666667 0.070451388888889 0.08114583333333343
47 0.45123263888888887 0.75703125 0.07060763888888885 0.08817708333333343
10 0.5221006944444444 0.8326562500000001 0.07444444444444435 0.08531249999999986
56 0.5199305555555556 0.9303125000000001 0.07413194444444429 0.07124999999999986
123 0.6781944444444445 0.5484375 0.03050347222222207 0.038697916666666644
123 0.05845486111111111 0.5991145833333333 0.03286458333333333 0.03963541666666668