136 0.4283854166666667 0.23574652777777777 0.11151041666666668 0.08126736111111113
32 0.8584375000000002 0.2507638888888889 0.09161458333333314 0.08706597222222223
59 0.43635416666666665 0.3552777777777778 0.09333333333333335 0.0777430555555556
31 0.07729166666666668 0.3519791666666666 0.09604166666666666 0.09496527777777786
141 0.07843750000000001 0.5095833333333333 0.09359375 0.06994791666666664
137 0.8818750000000002 0.5321180555555556 0.09552083333333314 0.08715277777777786
53 0.09348958333333332 0.66515625 0.09677083333333333 0.09420138888888889
55 0.39869791666666665 0.831857638888889 0.12374999999999999 0.11274305555555557
140 0.105625 0.8354861111111112 0.10411458333333332 0.075642361111111
128 0.7333333333333334 0.8548958333333333 0.08932291666666678 0.08779513888888886
128 0.5857291666666666 0.8523958333333332 0.08421874999999997 0.08144097222222228