106 0.4765625 0.09230324074074074 0.08828125 0.06148148148148147
118 0.48828125 0.2297164351851852 0.0609375 0.08720486111111114
180 0.1515625 0.37460648148148146 0.04375 0.056498842592592614
180 0.61015625 0.4158449074074074 0.04453125 0.06279513888888885
106 0.2015625 0.4299131944444444 0.0859375 0.06134259259259256
137 0.7765625 0.4725810185185185 0.0375 0.05065972222222222
137 0.7359375 0.47095486111111107 0.0375 0.059253472222222214
106 0.646875 0.4773958333333333 0.08359375 0.05964120370370374
28 0.7515625 0.5281307870370371 0.0421875 0.04703125000000004
180 0.61171875 0.6307812500000001 0.04296875 0.054890046296296194
137 0.77734375 0.6804398148148149 0.0359375 0.05603587962962955
137 0.734375 0.6802372685185185 0.034375 0.05516203703703706
106 0.64609375 0.689849537037037 0.08828125 0.05913773148148156
102 0.19921875 0.6844618055555556 0.0609375 0.08486111111111114
28 0.75390625 0.7407696759259259 0.03984375 0.041423611111111217
180 0.4015625 0.037077546296296296 0.04453125 0.02842013888888889
71 0.4640625 0.8884374999999999 0.06328125 0.08812500000000015