29 0.91875 0.14453125 0.065625 0.0765625
102 0.51640625 0.20078125 0.0578125 0.0703125
138 0.91796875 0.2421875 0.053125 0.0671875
102 0.27109375 0.32109375 0.053125 0.065625
180 0.02734375 0.0328125 0.0546875 0.065625
179 0.91640625 0.3484375 0.05859375 0.07734375
28 0.9171875 0.04140625 0.05703125 0.06953125
53 0.51796875 0.42265625 0.05390625 0.0734375
102 0.27109375 0.43359375 0.053125 0.06953125
102 0.73671875 0.43359375 0.0546875 0.07109375
3 0.075 0.43515625 0.059375 0.07578125
102 0.27109375 0.5734375 0.05390625 0.07578125
102 0.2703125 0.6734375 0.05234375 0.0703125
31 0.7375 0.759375 0.0609375 0.07890625
102 0.27109375 0.7765625 0.053125 0.06953125
37 0.06484375 0.87890625 0.06015625 0.078125
119 0.38984375 0.92109375 0.06171875 0.078125
102 0.27734375 0.09296875 0.0484375 0.0671875
137 0.7390625 0.09609375 0.05859375 0.07734375