32 0.1 0.24921875 0.075 0.13515625
6 0.22890625 0.30859375 0.07890625 0.12734375
137 0.4640625 0.4984375 0.0734375 0.12890625
161 0.56328125 0.578125 0.034375 0.05859375
63 0.9 0.58125 0.07734375 0.1171875
102 0.2296875 0.59765625 0.075 0.12890625
3 0.096875 0.6015625 0.08203125 0.125
102 0.6078125 0.65859375 0.07578125 0.12890625
53 0.46484375 0.6609375 0.06953125 0.12734375
74 0.73984375 0.6625 0.07265625 0.125
28 0.90078125 0.765625 0.07578125 0.12109375
87 0.22890625 0.8515625 0.07890625 0.1265625
37 0.096875 0.8578125 0.07578125 0.121875
137 0.5484375 0.14453125 0.0828125 0.1421875
137 0.23046875 0.14921875 0.078125 0.11796875
33 0.80546875 0.15078125 0.0671875 0.11484375
90 0.4390625 0.15390625 0.053125 0.0828125
36 0.6765625 0.1546875 0.07578125 0.12265625