12 0.55546875 0.3328125 0.07890625 0.09921875
64 0.2015625 0.390625 0.0890625 0.10859375
180 0.1703125 0.0453125 0.08828125 0.07578125
87 0.50625 0.50625 0.06328125 0.121875
55 0.6578125 0.515625 0.08046875 0.10234375
171 0.0625 0.8296875 0.084375 0.09375
59 0.6578125 0.83046875 0.06953125 0.0953125
136 0.20078125 0.85234375 0.08046875 0.1015625
171 0.06875 0.39921875 0.071875 0.109375
125 0.41875 0.24453125 0.05390625 0.07890625
125 0.72890625 0.27265625 0.046875 0.0734375
95 0.27578125 0.5984375 0.07265625 0.09375