180 0.05429398148148148 0.014496527777777777 0.03125578703703704 0.027239583333333334
32 0.09017939814814815 0.46559027777777773 0.049097222222222216 0.07604166666666679
53 0.21020254629629628 0.10864583333333333 0.049444444444444444 0.08776041666666665
102 0.3664756944444444 0.11133680555555556 0.04836226851851855 0.07758680555555557
37 0.20424189814814814 0.2570486111111111 0.05008680555555554 0.08309027777777782
137 0.19877314814814814 0.46800347222222227 0.05183449074074078 0.08937500000000007
3 0.31449074074074074 0.46744791666666663 0.04606481481481488 0.07909722222222229
9 0.3949363425925926 0.47001736111111114 0.0516724537037037 0.08390625000000007
3 0.3545486111111111 0.6457986111111111 0.0476967592592592 0.08147569444444436
139 0.34955439814814815 0.78796875 0.047812500000000036 0.08538194444444454
37 0.3476851851851852 0.9302083333333332 0.04765046296296305 0.07991319444444471
137 0.20897569444444444 0.7832812499999999 0.04845486111111112 0.08071180555555557
6 0.09560185185185185 0.7838888888888889 0.04774305555555556 0.08303819444444435
102 0.5214583333333334 0.13119791666666666 0.04206597222222221 0.07588541666666666
10 0.6207233796296296 0.1318402777777778 0.050295138888888855 0.09012152777777778
137 0.7229745370370371 0.13723958333333333 0.05105324074074069 0.0893576388888889
19 0.8237789351851852 0.13869791666666667 0.050868055555555715 0.0831076388888889
137 0.9253645833333334 0.1401736111111111 0.052476851851852045 0.08470486111111111
102 0.5680555555555555 0.45822916666666663 0.039149305555555534 0.08284722222222225
113 0.6765567129629629 0.46376736111111116 0.04611111111111103 0.08065972222222229
65 0.6764814814814815 0.5982291666666667 0.05351273148148152 0.09331597222222214
102 0.5631539351851852 0.5972743055555555 0.04675347222222222 0.07598958333333332
64 0.6138194444444445 0.8133854166666665 0.04870949074074069 0.08930555555555557
63 0.687494212962963 0.8861631944444444 0.05261574074074069 0.08939236111111129
74 0.5311979166666666 0.8842534722222222 0.0477662037037037 0.08381944444444436
137 0.8635474537037038 0.37958333333333333 0.05103009259259252 0.08857638888888886
36 0.859832175925926 0.5577430555555555 0.04935185185185205 0.08463541666666678
33 0.8553819444444445 0.7343229166666667 0.050271990740740694 0.08934027777777764
90 0.8491898148148149 0.8905381944444445 0.04537615740740719 0.08220486111111107
123 0.49815972222222216 0.33706597222222223 0.027077546296296263 0.04432291666666668