180 0.017256944444444443 0.03864583333333334 0.034513888888888886 0.07729166666666668
171 0.05600694444444445 0.27142361111111113 0.04243055555555557 0.08215277777777778
88 0.07574652777777778 0.4920659722222222 0.049982638888888896 0.07060763888888885
28 0.25395833333333334 0.3945138888888889 0.07791666666666668 0.13291666666666674
137 0.5108854166666668 0.39553819444444444 0.06999999999999992 0.1280555555555555
29 0.6976909722222222 0.4035937499999999 0.07223958333333336 0.12342013888888878
33 0.4384722222222222 0.75625 0.10555555555555554 0.1819444444444443
35 0.6063541666666666 0.756076388888889 0.10496527777777782 0.19052083333333342
139 0.7409722222222223 0.8051388888888888 0.04243055555555557 0.08215277777777778
87 0.09274305555555555 0.6946875 0.04901041666666668 0.09713541666666678
87 0.8088194444444443 0.48493055555555553 0.04475694444444471 0.08142361111111107
36 0.15112847222222223 0.6163368055555555 0.03989583333333337 0.0735069444444445
34 0.24079861111111112 0.7510763888888888 0.10241319444444441 0.18109375000000014
139 0.9099131944444444 0.5715104166666667 0.04237847222222228 0.07980902777777779
28 0.9155729166666667 0.8261979166666666 0.07078124999999993 0.1280729166666667
163 0.4178472222222222 0.3200694444444444 0.03861111111111111 0.08597222222222226
163 0.3280902777777778 0.7085069444444445 0.03539930555555557 0.08199652777777774
163 0.5155034722222223 0.708767361111111 0.03845486111111107 0.07894097222222207
163 0.6734027777777778 0.7161805555555556 0.036215277777777645 0.08357638888888896