177 0.8705215453124999 0.0725270609375 0.7904153875000001 0.07015354375 0.7874085187500001 0.15133901249999998 0.8675146765624999 0.1537125296875 0.8705215453124999 0.0725270609375
55 0.20023148148148148 0.14749421296296297 0.10266203703703702 0.07483796296296297
136 0.5601851851851851 0.16363425925925928 0.0775462962962962 0.07097222222222221
95 0.7030960648148148 0.1694328703703704 0.08165509259259256 0.07655671296296296
109 0.8252604166666668 0.20746527777777776 0.061313657407407615 0.07517361111111107
171 0.9482060185185185 0.24552083333333333 0.07989004629629619 0.07104166666666671
12 0.35934606481481485 0.2648321759259259 0.09346064814814818 0.07924768518518518
59 0.4569444444444445 0.2692881944444444 0.07063078703703703 0.07388888888888889
32 0.5545717592592593 0.27296296296296296 0.08550347222222214 0.0751099537037037
159 0.8216435185185185 0.3051215277777778 0.09551504629629619 0.0715046296296297
62 0.6037037037037036 0.38234953703703706 0.06692708333333322 0.05817129629629632
137 0.5177662037037036 0.37980324074074073 0.07135416666666679 0.051278935185185226
102 0.31909722222222225 0.4857581018518518 0.05784143518518512 0.04463541666666657
65 0.21970486111111112 0.48750578703703706 0.0760416666666667 0.051417824074074046
181 0.4845486111111111 0.4953530092592592 0.06863425925925917 0.06212384259259274
26 0.10954861111111111 0.4842418981481481 0.07635995370370371 0.06001157407407405
95 0.34302662037037035 0.5998726851851852 0.06843171296296298 0.05665509259259256
3 0.568605324074074 0.61203125 0.06316550925925916 0.06196180555555557
180 0.7029224537037038 0.06853587962962962 0.08399884259259256 0.07662615740740739
171 0.8686053240740741 0.9165567129629629 0.08883101851851834 0.08067129629629619
87 0.764699074074074 0.9134780092592593 0.06548032407407404 0.040179398148148235
139 0.13122106481481483 0.23695601851851852 0.05355902777777777 0.05543402777777775
139 0.18590856481481483 0.2385763888888889 0.05830439814814814 0.05713541666666666
139 0.24296875 0.23948495370370368 0.059809027777777767 0.055619212962962905
139 0.12682291666666667 0.29235532407407405 0.05813078703703702 0.052447916666666664
139 0.1838252314814815 0.2948263888888889 0.05509259259259256 0.05469907407407408
139 0.23935185185185182 0.29490740740740745 0.05729166666666661 0.050862268518518584
139 0.1271701388888889 0.34633101851851855 0.058246527777777765 0.05557291666666666
139 0.18420138888888887 0.34802083333333333 0.058333333333333307 0.05791666666666675
105 0.5736979166666666 0.49564814814814817 0.060532407407407264 0.05407986111111107
95 0.6600405092592593 0.9095949074074074 0.06799768518518512 0.06600694444444458
152 0.1140625 0.6791203703703704 0.058217592592592605 0.05479166666666657