180 0.09765625 0.03515625 0.02890625 0.05546875
32 0.14453125 0.47421875 0.04375 0.07109375
53 0.24765625 0.13515625 0.04453125 0.08125
102 0.39453125 0.134375 0.04375 0.07265625
37 0.2453125 0.27578125 0.0453125 0.07734375
137 0.24609375 0.47421875 0.04609375 0.08359375
3 0.35625 0.47109375 0.04140625 0.0734375
9 0.43125 0.471875 0.046875 0.078125
3 0.3984375 0.63828125 0.04296875 0.07578125
139 0.39765625 0.77265625 0.04296875 0.07890625
37 0.4 0.90703125 0.04296875 0.07421875
137 0.26484375 0.77109375 0.04375 0.075
6 0.1578125 0.7734375 0.04296875 0.07734375
102 0.54140625 0.14921875 0.0375 0.07109375
10 0.634375 0.1484375 0.0453125 0.084375
137 0.73125 0.1515625 0.0453125 0.0828125
19 0.8265625 0.15078125 0.0453125 0.07734375
137 0.92265625 0.14921875 0.046875 0.07890625
102 0.59375 0.45703125 0.03515625 0.07734375
113 0.696875 0.46015625 0.04140625 0.075
65 0.70078125 0.58671875 0.0484375 0.0875
102 0.59296875 0.58828125 0.0421875 0.07109375
64 0.646875 0.790625 0.04375 0.0828125
63 0.71875 0.8578125 0.046875 0.0828125
74 0.571875 0.859375 0.04296875 0.078125
137 0.87109375 0.37734375 0.0453125 0.0828125
36 0.87265625 0.5453125 0.04375 0.07890625
33 0.87265625 0.71171875 0.04453125 0.08359375
90 0.871875 0.85859375 0.040625 0.0765625
171 0.03125 0.46875 0.0421875 0.084375
123 0.525 0.34453125 0.025 0.040625