166 0.1736284722222222 0.16059027777777776 0.07947916666666668 0.13865740740740745
28 0.8962152777777778 0.1889178240740741 0.08355902777777793 0.1427083333333333
74 0.5406770833333333 0.17731481481481481 0.0852256944444445 0.14510995370370366
104 0.75453125 0.18993055555555555 0.0860069444444445 0.14513888888888887
137 0.3693402777777778 0.17644675925925926 0.08923611111111107 0.14759837962962968
141 0.8865277777777777 0.406886574074074 0.08043402777777757 0.14259259259259274
74 0.4650694444444444 0.4171006944444445 0.08484374999999993 0.13651620370370363
74 0.2400347222222222 0.4799768518518519 0.07828125000000004 0.12925347222222214
102 0.8854340277777777 0.625173611111111 0.088142361111111 0.1405381944444443
74 0.4146527777777778 0.6359085648148148 0.08355902777777775 0.14270833333333321
104 0.18475694444444443 0.6320891203703705 0.08355902777777775 0.14270833333333321
64 0.7275868055555555 0.8666087962962964 0.0821006944444445 0.14499421296296297
3 0.41736111111111107 0.8566840277777779 0.08980902777777793 0.14293981481481452
59 0.5712673611111111 0.8623842592592592 0.09019097222222214 0.1515335648148149
74 0.17894097222222222 0.8509837962962962 0.08501736111111113 0.14042245370370382
128 0.881076388888889 0.8816840277777779 0.0860069444444445 0.14513888888888857
177 0.01497829861111111 0.6668113425925926 0.02995659722222222 0.09719328703703703
180 0.12918402777777777 0.03373842592592592 0.037725694444444444 0.05911458333333334