109 0.056672453703703704 0.23649305555555555 0.06781250000000001 0.14911458333333333
102 0.7359664351851851 0.2781597222222222 0.057170138888889 0.1160763888888889
53 0.4894560185185185 0.3008159722222222 0.06758101851851847 0.13348958333333333
178 0.05112847222222222 0.5052083333333333 0.10218749999999999 0.14987847222222223
95 0.24798032407407405 0.5111458333333333 0.09144097222222225 0.10980902777777786
69 0.7885937500000001 0.5239409722222221 0.06123842592592581 0.12710069444444444
55 0.7284259259259259 0.5233854166666667 0.054918981481481485 0.12227430555555543
32 0.38307870370370367 0.5180555555555555 0.06945601851851846 0.1546180555555555
3 0.4877430555555556 0.5219444444444444 0.07230324074074072 0.1359375
28 0.4844907407407407 0.7414756944444445 0.07785300925925931 0.14152777777777778
95 0.8985069444444445 0.7538020833333332 0.1049768518518519 0.12729166666666672