59 0.71953125 0.31484375 0.0625 0.11875
59 0.2640625 0.315625 0.06015625 0.11171875
13 0.26328125 0.43515625 0.0265625 0.05390625
13 0.7203125 0.43671875 0.028125 0.04765625
55 0.1734375 0.44296875 0.04375 0.08203125
55 0.62890625 0.446875 0.03671875 0.08125
55 0.35234375 0.45078125 0.046875 0.0890625
55 0.80859375 0.453125 0.046875 0.0765625
180 0.03515625 0.05390625 0.02890625 0.059375
13 0.26328125 0.5875 0.028125 0.05078125
13 0.71875 0.58828125 0.02578125 0.04921875
55 0.35234375 0.5984375 0.0421875 0.0796875
55 0.80859375 0.5984375 0.046875 0.0796875
55 0.63046875 0.6 0.04765625 0.0859375
55 0.17265625 0.60078125 0.03984375 0.08046875
137 0.71796875 0.73125 0.0453125 0.10625
136 0.48046875 0.0953125 0.06328125 0.1125
132 0.0421875 0.17421875 0.0328125 0.06875
132 0.496875 0.17578125 0.028125 0.05234375
128 0.63046875 0.74375 0.04375 0.07890625
128 0.35390625 0.7421875 0.04453125 0.08125
128 0.17265625 0.7453125 0.04453125 0.0796875