177 0.21875 0.0375 0.0515625 0.04453125
109 0.2609375 0.03125 0.03671875 0.0625
125 0.35078125 0.171875 0.0265625 0.03125
123 0.334375 0.31015625 0.0296875 0.03359375
123 0.46640625 0.3125 0.0234375 0.03046875
123 0.5984375 0.31171875 0.0234375 0.03125
180 0.06484375 0.1328125 0.03203125 0.0359375
171 0.0234375 0.4078125 0.03828125 0.04453125
75 0.13671875 0.40625 0.04765625 0.05390625
59 0.3953125 0.22421875 0.05546875 0.059375
59 0.646875 0.2234375 0.0453125 0.05546875
55 0.3953125 0.37421875 0.0515625 0.06796875
55 0.6484375 0.3734375 0.0484375 0.06796875
30 0.51953125 0.3734375 0.03984375 0.05390625
176 0.6046875 0.48046875 0.0453125 0.0546875
3 0.52109375 0.4796875 0.04609375 0.05859375
53 0.92734375 0.5203125 0.04140625 0.04765625
50 0.80078125 0.559375 0.03828125 0.05546875
55 0.6734375 0.6484375 0.0421875 0.04765625
102 0.5796875 0.646875 0.04140625 0.05703125
102 0.38125 0.7296875 0.040625 0.053125
55 0.4734375 0.73203125 0.04375 0.0546875
64 0.475 0.646875 0.03984375 0.05234375
58 0.38203125 0.6484375 0.04453125 0.05
122 0.41875 0.82109375 0.040625 0.05390625
142 0.3875 0.93671875 0.04453125 0.05390625
141 0.47890625 0.9375 0.03828125 0.04765625
28 0.5875 0.93671875 0.03984375 0.05078125
179 0.6828125 0.9359375 0.03984375 0.04921875
158 0.13671875 0.64375 0.04375 0.0546875