177 0.2268287037037037 0.037083333333333336 0.05728009259259261 0.047395833333333325
109 0.27204861111111106 0.04166666666666667 0.04179398148148152 0.04869791666666666
125 0.3590740740740741 0.18786458333333333 0.030069444444444392 0.034687500000000024
123 0.3332291666666667 0.3328125 0.033379629629629634 0.0380208333333333
123 0.4729340277777778 0.34447916666666667 0.02694444444444457 0.03447916666666666
123 0.612824074074074 0.35302083333333334 0.026944444444444392 0.03447916666666666
180 0.05844907407407407 0.12546875 0.0358622685185185 0.04052083333333334
171 0.009554398148148149 0.41473958333333333 0.019108796296296297 0.05036458333333336
75 0.11700810185185184 0.4211458333333333 0.054160879629629656 0.060416666666666785
59 0.40270833333333333 0.24567708333333335 0.06234374999999996 0.0671875
59 0.6698958333333334 0.26348958333333333 0.05195601851851848 0.06260416666666666
55 0.3932175925925926 0.4058333333333334 0.058946759259259275 0.07552083333333322
55 0.6620601851851852 0.4221875 0.055086805555555604 0.0760416666666666
30 0.5253414351851852 0.4130729166666667 0.04556712962962965 0.05984374999999993
176 0.6092534722222223 0.5323958333333334 0.05108217592592599 0.060989583333333285
3 0.5201909722222222 0.5264583333333333 0.05209490740740748 0.06494791666666658
53 0.9473784722222222 0.5972916666666667 0.0452430555555555 0.05437499999999993
50 0.8113310185185185 0.6297916666666666 0.04409722222222214 0.061302083333333354
55 0.6713078703703704 0.7161458333333333 0.047540509259259164 0.053749999999999964
102 0.5721817129629629 0.70796875 0.04731481481481481 0.0630729166666665
102 0.3560590277777778 0.7814062500000001 0.04630208333333332 0.059114583333333214
55 0.4535763888888889 0.7902604166666667 0.04956597222222214 0.06166666666666672
64 0.4612442129629629 0.7005729166666667 0.04547453703703717 0.05828124999999993
58 0.3627604166666667 0.6947916666666666 0.05075810185185183 0.05552083333333328
122 0.390162037037037 0.8809374999999999 0.046348379629629656 0.05989583333333357
142 0.3486574074074074 0.9846354166666668 0.05020833333333332 0.03072916666666643
141 0.44617476851851856 0.9903385416666666 0.0436805555555555 0.019322916666666856
28 0.560329861111111 0.9925520833333333 0.04542824074074083 0.014895833333333285
179 0.6634085648148148 0.9969661458333334 0.04528935185185183 0.006067708333333144
158 0.10210069444444443 0.6727083333333334 0.05034722222222223 0.06171875