171 0.6299479166666666 0.04918402777777778 0.061979166666666786 0.07163194444444444
171 0.4057291666666667 0.044201388888888894 0.06507523148148149 0.07092013888888889
180 0.05130208333333334 0.13484374999999998 0.05228587962962963 0.06282986111111111
125 0.18017939814814815 0.4340451388888889 0.053761574074074045 0.06052083333333336
125 0.16799768518518518 0.6996180555555556 0.0496238425925926 0.054184027777777644
55 0.2906828703703703 0.4693402777777778 0.06345486111111107 0.06932291666666668
55 0.7157986111111111 0.4756597222222222 0.06218171296296297 0.07710069444444442
55 0.7066840277777777 0.7428645833333334 0.06455439814814809 0.07793402777777772
55 0.2785011574074074 0.7349131944444445 0.06203703703703702 0.07319444444444442
136 0.5172743055555555 0.11470486111111111 0.06417824074074083 0.06777777777777776
18 0.511255787037037 0.23498263888888887 0.061979166666666606 0.07163194444444443
59 0.5083333333333334 0.3561111111111111 0.05708912037037024 0.06605902777777786
59 0.49924768518518514 0.6225347222222222 0.05622106481481488 0.06369791666666665
12 0.5044560185185185 0.43968749999999995 0.05315393518518512 0.06519097222222214
12 0.4945891203703704 0.70609375 0.049855324074074045 0.06043402777777764
123 0.16322337962962963 0.8496354166666666 0.04965277777777777 0.054965277777778
128 0.27456597222222223 0.8833854166666667 0.053761574074074045 0.06052083333333336
128 0.7003472222222222 0.8928472222222222 0.05555555555555554 0.06680555555555542
137 0.9261284722222222 0.37008680555555556 0.058101851851851904 0.0723263888888889