132 0.36071180555555554 0.14808449074074073 0.028177083333333287 0.03770254629629628
136 0.5948263888888888 0.15806712962962963 0.048298611111111 0.06440972222222223
137 0.8212847222222223 0.19622685185185185 0.05612847222222221 0.0652488425925926
125 0.6334201388888889 0.21402199074074074 0.02421875 0.03532986111111107
125 0.3910069444444445 0.22597222222222224 0.030555555555555537 0.039282407407407405
37 0.5917361111111111 0.2268287037037037 0.050572916666666676 0.061302083333333354
39 0.9091493055555556 0.2846238425925926 0.06670138888888885 0.08407407407407401
0 0.8184895833333332 0.28685763888888893 0.06192708333333315 0.08013310185185193
112 0.7081076388888888 0.2978298611111111 0.08027777777777771 0.09745370370370372
3 0.5765104166666666 0.38472800925925926 0.06986111111111111 0.08565972222222218
28 0.8167534722222222 0.40013310185185186 0.06097222222222243 0.0723148148148148
27 0.9034201388888888 0.4018344907407407 0.065763888888889 0.07703703703703706
55 0.7122222222222222 0.4290277777777778 0.060243055555555716 0.07465277777777768
141 0.814236111111111 0.5134143518518519 0.06352430555555558 0.08170717592592602
169 0.9017361111111111 0.5127662037037037 0.06118055555555557 0.08168981481481481
102 0.4890451388888889 0.5595659722222223 0.05862847222222225 0.07229745370370359
102 0.5499826388888889 0.5591145833333333 0.05784722222222225 0.07229166666666664
102 0.6093402777777778 0.5594560185185186 0.05701388888888879 0.06994212962962969
102 0.6733680555555555 0.5605439814814815 0.054739583333333286 0.07304976851851848
96 0.34663194444444445 0.605925925925926 0.052569444444444446 0.08084490740740743
50 0.2380208333333333 0.6075115740740741 0.05942708333333328 0.07308449074074072
98 0.8115798611111111 0.6329456018518519 0.06345486111111107 0.07858217592592602
123 0.6107118055555556 0.6383391203703704 0.03201388888888897 0.03460648148148131
123 0.38413194444444443 0.640798611111111 0.032899305555555536 0.039299768518518616
86 0.9028124999999999 0.6400810185185184 0.05874999999999986 0.0777662037037036
62 0.543028703125 0.6597702156249999 0.4690574640625 0.6603181499999999 0.467284290625 0.7401109671875 0.5412555296875 0.7395630328125 0.543028703125 0.6597702156249999
62 0.705171528125 0.6599570484374999 0.6327379 0.6604935937499999 0.630954596875 0.7407422125 0.703388225 0.7402056671875 0.705171528125 0.6599570484374999
137 0.8130034722222221 0.7446354166666668 0.06336805555555572 0.07467592592592602
109 0.6767881944444445 0.022594039351851853 0.05657986111111111 0.045188078703703706
128 0.6260590277777778 0.8264756944444445 0.06588541666666678 0.08250578703703688
128 0.5315104166666667 0.8279571759259259 0.06032986111111107 0.07855902777777786
29 0.8091840277777778 0.8462094907407408 0.06895833333333315 0.08018518518518505