180 0.15387731481481481 0.13871527777777776 0.04085648148148149 0.04559027777777778
53 0.402980324074074 0.2898611111111111 0.09088541666666679 0.099056712962963
37 0.2433738425925926 0.3129108796296296 0.08883101851851852 0.1029456018518518
137 0.7625289351851852 0.3746006944444445 0.09357638888888893 0.10376157407407405
81 0.7557002314814815 0.02357638888888889 0.09016203703703703 0.03658564814814815
9 0.2267939814814815 0.5261863425925926 0.09021990740740744 0.10061342592592588
102 0.5877314814814815 0.5288599537037036 0.08787615740740744 0.10059606481481467
11 0.743460648148148 0.6847858796296297 0.0903356481481481 0.10217592592592588
137 0.366087962962963 0.7140393518518519 0.08961226851851851 0.10295138888888893
32 0.21212384259259257 0.7136805555555557 0.09568865740740744 0.10065393518518526
36 0.8890625 0.8507986111111112 0.08715277777777786 0.10137152777777772
179 0.6690104166666666 0.9195196759259259 0.08967013888888893 0.10373263888888892
28 0.5729166666666666 0.9188078703703704 0.08943865740740727 0.10060763888888893
27 0.7610243055555556 0.9225462962962963 0.08770254629629619 0.09825231481481467