132 0.41512152777777783 0.19178240740740743 0.027864583333333214 0.036684027777777795
136 0.6368634259259259 0.18961805555555555 0.04814236111111114 0.06357638888888886
137 0.8539756944444445 0.21516782407407406 0.055219907407407474 0.0647743055555555
125 0.6767303240740741 0.24056712962962962 0.02460069444444457 0.0341550925925926
125 0.4492071759259259 0.26424189814814814 0.03030092592592588 0.03838541666666666
37 0.6391898148148148 0.25533564814814813 0.04947337962962965 0.05976273148148152
39 0.9433043981481483 0.2937615740740741 0.0663946759259261 0.08256365740740738
0 0.8574594907407407 0.30041666666666667 0.06152199074074076 0.07916087962962966
112 0.7541087962962962 0.3159490740740741 0.07885416666666671 0.09575810185185185
3 0.6370486111111111 0.40442129629629625 0.06883101851851858 0.0842650462962963
28 0.8645833333333334 0.4074016203703704 0.05949652777777779 0.07125578703703699
27 0.9467534722222222 0.40488425925925925 0.0644155092592591 0.0754398148148148
55 0.7685011574074074 0.43975115740740733 0.058854166666666784 0.07355324074074084
141 0.8709259259259259 0.5144328703703703 0.06234953703703709 0.07998842592592581
169 0.9537384259259258 0.509525462962963 0.0607870370370371 0.07989583333333332
102 0.5671296296296295 0.5739872685185186 0.057934027777777786 0.0711631944444445
102 0.6257233796296295 0.5705150462962962 0.05715277777777779 0.07111689814814817
102 0.6812384259259259 0.5680092592592593 0.056232638888888783 0.06872685185185183
102 0.7414872685185185 0.5660069444444444 0.05407407407407412 0.07171296296296284
96 0.43608217592592596 0.6248726851851851 0.05292824074074076 0.07865162037037035
50 0.3345659722222222 0.6316724537037037 0.05876157407407412 0.07199074074074083
98 0.8775925925925925 0.6269328703703703 0.06216435185185176 0.07686342592592581
123 0.6888078703703704 0.642824074074074 0.031631944444444574 0.03457175925925924
123 0.47474537037037035 0.6555092592592593 0.03264467592592588 0.03852430555555557
86 0.9648206018518518 0.6303877314814814 0.05825810185185176 0.0766319444444445
62 0.6263139062499999 0.6659524453125 0.5565122359375 0.670088840625 0.5609814359375 0.7455065953125 0.63078310625 0.7413702 0.6263139062499999 0.6659524453125
62 0.7794240125 0.6581958703125 0.7110732828125 0.662246284375 0.7155680125 0.7380948484375 0.7839187421875 0.734044434375 0.7794240125 0.6581958703125
137 0.8877951388888888 0.7329513888888888 0.06276041666666643 0.07378472222222214
109 0.7024247685185185 0.04045572916666666 0.0571122685185184 0.08091145833333332
128 0.7172858796296296 0.8191030092592593 0.06556712962962959 0.08173611111111115
128 0.6290509259259259 0.8251157407407408 0.059820601851851764 0.07672453703703681
29 0.8919270833333334 0.8291377314814815 0.06772569444444443 0.07875000000000014