64 0.6314583333333333 0.8393750000000001 0.07057291666666679 0.10192708333333336
74 0.5452083333333333 0.8971875 0.07057291666666661 0.10192708333333336
63 0.7052083333333334 0.9102083333333333 0.05593749999999993 0.09239583333333315
39 0.355 0.9370833333333334 0.06781249999999997 0.09552083333333314
102 0.4022916666666667 0.09822916666666667 0.04473958333333332 0.07609375
53 0.24901041666666668 0.09036458333333333 0.06890625000000003 0.11192708333333334
137 0.7727083333333333 0.133125 0.06677083333333336 0.11489583333333334
102 0.5613020833333333 0.12609374999999998 0.07046875000000004 0.10036458333333335
10 0.6588020833333333 0.13494791666666667 0.07260416666666672 0.10906250000000002
137 0.9671875 0.15864583333333332 0.05947916666666657 0.11052083333333336
19 0.87015625 0.15453125 0.051145833333333356 0.11385416666666667
37 0.23515625 0.23932291666666666 0.09885416666666665 0.10614583333333334
123 0.5303125 0.34375 0.029635416666666713 0.04786458333333332
137 0.8965624999999999 0.39406250000000004 0.07640625000000015 0.11942708333333334
113 0.7096354166666666 0.4671354166666667 0.06020833333333329 0.10979166666666665
137 0.22739583333333332 0.44989583333333333 0.0765625 0.0984375
9 0.42661458333333335 0.46317708333333324 0.06015625 0.09734374999999992
32 0.11119791666666667 0.45078125 0.078125 0.09854166666666675
171 0.008424479166666669 0.44598958333333333 0.016848958333333337 0.09661458333333339
3 0.34057291666666667 0.47078124999999993 0.07265625 0.09817708333333322
36 0.8891145833333333 0.5881770833333333 0.07015625000000014 0.07234374999999993
102 0.5906770833333332 0.6153645833333333 0.07541666666666665 0.08125
3 0.3659895833333333 0.65453125 0.08036458333333334 0.08546875000000007
33 0.8811458333333334 0.7547916666666666 0.05697916666666671 0.0963541666666666
137 0.22125 0.7775000000000001 0.056354166666666664 0.07531250000000007
139 0.36171875 0.7892187500000001 0.06296875000000002 0.09286458333333343
6 0.10223958333333334 0.7734895833333333 0.06864583333333334 0.08468750000000007
65 0.7017708333333333 0.6204166666666666 0.055625000000000036 0.08770833333333332
90 0.8684375 0.921875 0.04614583333333329 0.07385416666666664
102 0.5965625 0.4682291666666667 0.048697916666666605 0.07713541666666668