180 0.27578125 0.0171875 0.02109375 0.034375
180 0.040625 0.01796875 0.021875 0.0359375
148 0.76328125 0.2640625 0.04375 0.08203125
149 0.3078125 0.27578125 0.025 0.04453125
136 0.41875 0.34296875 0.0390625 0.07421875
136 0.3703125 0.34453125 0.0328125 0.06875
136 0.32890625 0.3453125 0.0375 0.065625
43 0.12734375 0.36796875 0.05390625 0.08515625
167 0.628125 0.41484375 0.03125 0.053125
136 0.57890625 0.48359375 0.0359375 0.06484375
180 0.6828125 0.72734375 0.01875 0.0359375
180 0.009375 0.72734375 0.01875 0.0359375
180 0.3015625 0.72890625 0.01875 0.034375
149 0.69921875 0.784375 0.0234375 0.0421875
149 0.02734375 0.78515625 0.0265625 0.04765625
149 0.31953125 0.7859375 0.0265625 0.04375
136 0.74765625 0.85 0.0390625 0.06328125
136 0.4125 0.85078125 0.03828125 0.065625
136 0.8390625 0.8515625 0.03828125 0.05703125
136 0.4875 0.85234375 0.03984375 0.06171875
136 0.36875 0.85234375 0.03125 0.06640625
55 0.934375 0.86015625 0.02734375 0.0453125
55 0.21484375 0.86015625 0.02578125 0.04453125
136 0.0484375 0.86171875 0.03046875 0.06171875
55 0.58203125 0.86328125 0.025 0.04453125
29 0.36875 0.10625 0.04765625 0.06484375
29 0.1453125 0.1625 0.04921875 0.0859375