171 0.029913194444444447 0.4796238425925926 0.025069444444444443 0.17747106481481473
136 0.1198263888888889 0.4805208333333333 0.08571180555555555 0.15370949074074075
3 0.2851041666666666 0.08463541666666667 0.07348958333333329 0.12472222222222222
102 0.3880902777777778 0.08074652777777777 0.07065972222222214 0.1137673611111111
53 0.3986979166666667 0.26666666666666666 0.06348958333333332 0.11059027777777777
53 0.4142534722222223 0.6518344907407407 0.07348958333333329 0.12472222222222236
102 0.4214409722222222 0.8487210648148148 0.06607638888888889 0.11607638888888908
3 0.3177083333333333 0.8533969907407407 0.07114583333333328 0.12470486111111115
136 0.6067708333333334 0.4644097222222222 0.09217013888888878 0.15844328703703708
1 0.7352951388888889 0.10318287037037037 0.06821180555555557 0.11140625000000001
3 0.7417881944444444 0.28444444444444444 0.06526041666666664 0.11528935185185185
1 0.7614062500000001 0.6203472222222223 0.07026041666666671 0.12235532407407419
3 0.7652256944444444 0.8117881944444445 0.06526041666666664 0.11528935185185177
55 0.8786979166666666 0.6218229166666667 0.06458333333333321 0.11762731481481481
55 0.8558854166666666 0.10854166666666668 0.06135416666666664 0.11526041666666664
102 0.8644791666666667 0.28431712962962963 0.06298611111111115 0.11683449074074073
102 0.8863888888888889 0.8124537037037036 0.06873263888888878 0.12312499999999993
128 0.9739322916666666 0.10685763888888888 0.05213541666666686 0.11368634259259261
53 0.9745659722222222 0.28109953703703705 0.050868055555555715 0.1238888888888889
128 0.9838020833333333 0.617025462962963 0.03239583333333336 0.1051157407407409
53 0.9848567708333335 0.8076736111111111 0.030286458333333145 0.12781249999999994