32 0.0734375 0.175 0.071875 0.11875
33 0.7171875 0.1765625 0.065625 0.1015625
137 0.6 0.18125 0.0671875 0.11171875
137 0.4171875 0.4828125 0.0671875 0.12109375
3 0.06484375 0.54296875 0.075 0.1125
102 0.1890625 0.5515625 0.0796875 0.12421875
63 0.92734375 0.58828125 0.06796875 0.11875
74 0.74140625 0.671875 0.06953125 0.1109375
53 0.41953125 0.67578125 0.0671875 0.11328125
102 0.5390625 0.6765625 0.065625 0.12578125
28 0.9296875 0.77109375 0.06796875 0.12265625
37 0.06015625 0.78125 0.06015625 0.12578125
87 0.18515625 0.78515625 0.07265625 0.11328125
142 0.42265625 0.87578125 0.0640625 0.1015625
137 0.19375 0.16875 0.06953125 0.12421875
36 0.54296875 0.10078125 0.034375 0.05546875
90 0.42265625 0.17734375 0.04765625 0.08046875