0 0.28515625 0.14765625 0.07734375 0.1265625
124 0.66484375 0.14765625 0.07421875 0.1140625
85 0.47578125 0.15 0.0765625 0.11796875
128 0.85625 0.475 0.0734375 0.11875
59 0.438525 0.5322060468750001 0.5117178578125 0.5322060468750001 0.5117178578125 0.4193057109375 0.438525 0.4193057109375 0.438525 0.5322060468750001
58 0.665625 0.47578125 0.07578125 0.1203125
135 0.28515625 0.4765625 0.0765625 0.11875
180 0.20234375 0.04921875 0.02578125 0.03984375
52 0.8703125 0.81640625 0.078125 0.08828125
81 0.66484375 0.8328125 0.08203125 0.1328125
126 0.47578125 0.834375 0.08125 0.13203125