180 0.13317708333333333 0.1517650462962963 0.046504629629629646 0.05888310185185186
112 0.18289930555555556 0.29097222222222224 0.05219907407407409 0.08975694444444446
125 0.17322916666666668 0.22609953703703703 0.02930555555555552 0.05604745370370372
125 0.4529050925925926 0.20694444444444443 0.024612268518518478 0.054918981481481485
125 0.4495775462962962 0.4453414351851851 0.02380787037037031 0.05173611111111107
125 0.17222222222222222 0.4674479166666667 0.033240740740740723 0.060243055555555536
95 0.38826388888888885 0.18440393518518516 0.041180555555555644 0.07800925925925925
12 0.3868055555555555 0.27586805555555555 0.04732638888888889 0.06440972222222215
12 0.38559027777777777 0.5453414351851851 0.0450231481481481 0.06970486111111107
112 0.3864236111111111 0.4328414351851852 0.04512731481481476 0.08376736111111108
55 0.46789351851851857 0.29172453703703705 0.05934606481481488 0.10590277777777776
55 0.2774652777777778 0.2792824074074074 0.05928240740740742 0.09730902777777777
112 0.5867824074074074 0.26417824074074076 0.05061921296296283 0.08729745370370372
137 0.7216608796296297 0.5024884259259259 0.048379629629629585 0.10118634259259274
102 0.8005439814814814 0.4997685185185185 0.05458333333333343 0.09539930555555554
65 0.8966261574074075 0.49421296296296297 0.050706018518518546 0.09901620370370381
100 0.895775462962963 0.29282407407407407 0.056203703703703665 0.10332754629629637
27 0.8917592592592593 0.7296006944444444 0.05307291666666671 0.10231481481481489
53 0.531412037037037 0.6766493055555556 0.035682870370370524 0.07369791666666678
53 0.16578703703703704 0.7037326388888889 0.03718750000000002 0.06600115740740727
46 0.23296296296296296 0.700318287037037 0.04351273148148147 0.07662037037037042
131 0.30015046296296294 0.6953414351851851 0.04041666666666668 0.08029513888888892