39 0.06028935185185186 0.8589236111111112 0.10783564814814814 0.11414351851851841
180 0.04739583333333333 0.06788194444444444 0.09208912037037037 0.09692708333333333
142 0.25124421296296295 0.15500578703703705 0.14391203703703698 0.13475694444444444
137 0.9317303240740742 0.12206597222222222 0.1157523148148151 0.1286111111111111
3 0.6082986111111112 0.13961805555555556 0.12196180555555554 0.12346643518518521
37 0.43254050925925924 0.1518576388888889 0.1235069444444445 0.1212037037037037
53 0.7763020833333333 0.13559606481481482 0.10943865740740737 0.11969328703703704
29 0.054866898148148144 0.3379108796296296 0.10551504629629631 0.1171469907407408
102 0.8639120370370371 0.3569212962962963 0.138420138888889 0.1313483796296296
102 0.6717534722222223 0.3707928240740741 0.11651041666666657 0.12552662037037035
102 0.4881712962962963 0.381875 0.11494212962962962 0.12466435185185185
102 0.28740162037037037 0.3938483796296296 0.11874421296296296 0.11080439814814813
55 0.5329224537037037 0.0027517361111111097 0.1330324074074074 0.0055034722222222195
27 0.058466435185185184 0.5073206018518519 0.11016203703703702 0.11192129629629619
123 0.8135300925925926 0.5189699074074074 0.05516203703703724 0.0668981481481481
123 0.2034085648148148 0.5552951388888889 0.05832175925925922 0.07174768518518526
123 0.5315393518518519 0.5390625 0.06065393518518505 0.07030671296296305
28 0.05968749999999999 0.6721643518518519 0.11017939814814814 0.11426504629629619
46 0.05443287037037037 0.17380787037037035 0.10707754629629629 0.11722800925925929
130 0.27993055555555557 0.6513657407407407 0.09678819444444446 0.09873263888888886
130 0.5877372685185185 0.6346238425925926 0.10146990740740733 0.09819444444444443
130 0.8728472222222223 0.6135879629629629 0.09990740740740733 0.09811342592592602