132 0.021875 0.04140625 0.04296875 0.08203125
28 0.08515625 0.18984375 0.059375 0.12109375
75 0.6125 0.1203125 0.0640625 0.13046875
64 0.38203125 0.52734375 0.05546875 0.12265625
55 0.38046875 0.7109375 0.0546875 0.1125
55 0.4953125 0.70859375 0.06015625 0.1234375
36 0.78984375 0.3890625 0.0578125 0.12734375
48 0.8453125 0.57421875 0.05078125 0.1
102 0.85 0.8015625 0.0625 0.1046875
95 0.09453125 0.63125 0.08515625 0.121875
1 0.22890625 0.62890625 0.0640625 0.12734375
14 0.7328125 0.240625 0.040625 0.0796875