32 0.11036458333333335 0.3838020833333333 0.05161458333333333 0.10921874999999996
37 0.12312500000000001 0.621875 0.05812499999999998 0.11354166666666661
6 0.23817708333333334 0.6209895833333332 0.055885416666666646 0.11494791666666657
137 0.22265625 0.38817708333333334 0.054166666666666696 0.1125
132 0.3569791666666667 0.058020833333333334 0.04124999999999997 0.07041666666666666
3 0.4298958333333333 0.2534375 0.05395833333333329 0.109375
53 0.5549999999999999 0.2633333333333333 0.05234375 0.10848958333333333
132 0.3978645833333333 0.64796875 0.03984375 0.08432291666666672
3 0.69765625 0.26817708333333334 0.0546875 0.10864583333333329
3 0.47046875000000005 0.8503645833333333 0.055624999999999855 0.11104166666666657
3 0.7368229166666667 0.8673437500000001 0.05395833333333329 0.109375
53 0.5944270833333334 0.8547395833333333 0.05885416666666661 0.11281250000000007
53 0.8313020833333333 0.2778645833333333 0.05296875000000014 0.10619791666666671
53 0.8709895833333332 0.8731770833333332 0.05078125 0.10838541666666686
137 0.9547395833333333 0.28609375000000004 0.05140625000000014 0.10609374999999996
137 0.983671875 0.8829687500000001 0.032656250000000143 0.115625