109 0.022690972222222223 0.10642939814814815 0.04369791666666667 0.13948495370370367
109 0.02885416666666667 0.2782349537037037 0.04833333333333334 0.1372800925925926
109 0.03432291666666667 0.6650462962962963 0.042326388888888886 0.14803240740740745
109 0.03663194444444444 0.8393113425925925 0.03895833333333334 0.13700231481481495
50 0.11484375 0.10213541666666666 0.07489583333333334 0.13806712962962958
50 0.11873263888888888 0.2771354166666667 0.07317708333333331 0.13098958333333338
50 0.12732638888888886 0.6638541666666666 0.07637152777777781 0.13420717592592588
50 0.13194444444444448 0.8364872685185185 0.0779340277777778 0.13425347222222223
174 0.22652777777777774 0.09726273148148148 0.08105902777777771 0.13434606481481484
174 0.23126736111111112 0.27536458333333336 0.07940972222222217 0.13039351851851855
174 0.24055555555555555 0.6581539351851852 0.08263888888888893 0.13517361111111104
174 0.24291666666666667 0.8347627314814815 0.07475694444444443 0.13181712962962955
50 0.33272569444444444 0.09177083333333333 0.07345486111111103 0.14348958333333334
50 0.3429513888888889 0.6574652777777779 0.07503472222222225 0.14431712962962956
50 0.35 0.8339351851851852 0.07697916666666664 0.12641782407407404
50 0.33682291666666664 0.27614583333333337 0.07621527777777777 0.1271759259259259
55 0.4573611111111111 0.17719907407407406 0.07873263888888893 0.13505787037037034
55 0.46748263888888886 0.7382060185185185 0.0757118055555555 0.1396527777777777
148 0.5549479166666667 0.17118055555555556 0.062413194444444466 0.1384780092592593
148 0.5675347222222222 0.7375868055555556 0.0699131944444444 0.12464699074074073
95 0.7669965277777778 0.4611863425925926 0.06817708333333332 0.1167881944444444
180 0.8566840277777779 0.310775462962963 0.05862847222222243 0.10869791666666666
180 0.8668576388888889 0.4871527777777779 0.0736458333333335 0.11695023148148138
180 0.9499305555555555 0.39087962962962963 0.06973958333333315 0.11683449074074073