53 0.8566840277777779 0.3385590277777778 0.08928819444444472 0.1897222222222222
102 0.441875 0.35680555555555554 0.08175347222222218 0.16675347222222214
102 0.6936979166666667 0.3797048611111111 0.08574652777777772 0.1708333333333334
3 0.26960069444444446 0.3663194444444445 0.08647569444444443 0.16852430555555548
88 0.5635069444444445 0.5268923611111112 0.07057291666666661 0.1553298611111112
137 0.8559548611111112 0.6218402777777777 0.07213541666666642 0.1553993055555555
137 0.6968229166666667 0.6256944444444444 0.08760416666666657 0.1841840277777777
37 0.28305555555555556 0.6556944444444445 0.07857638888888889 0.1642708333333333
179 0.44717013888888885 0.7706944444444443 0.09097222222222215 0.19526041666666671
27 0.6457638888888889 0.8216666666666667 0.08170138888888889 0.16440972222222214
180 0.2516145833333333 0.0837673611111111 0.06260416666666666 0.14795138888888887