102 0.40354166666666663 0.19296875 0.08843750000000003 0.178125
171 0.02513020833333333 0.19296875 0.05026041666666666 0.12421875
53 0.5446875 0.196875 0.08328124999999993 0.17109375
3 0.19739583333333335 0.21484375 0.09130208333333334 0.17421875
102 0.3827083333333333 0.50546875 0.0794270833333334 0.16015625
53 0.5240625 0.50625 0.08359375 0.17578125
180 0.14229166666666665 0.05703125 0.05401041666666666 0.10703125
142 0.6686458333333334 0.71640625 0.05119791666666664 0.1
102 0.36083333333333334 0.81015625 0.08182291666666668 0.1609375
53 0.5029166666666667 0.81171875 0.08718749999999993 0.17109375
154 0.036458333333333336 0.8359375 0.05078125 0.10546875
29 0.008190104166666667 0.86484375 0.016380208333333333 0.1703125
3 0.16630208333333335 0.90390625 0.056354166666666664 0.10703125
102 0.21781249999999996 0.9046875 0.047812500000000036 0.09609375
71 0.8084895833333332 0.0953125 0.05458333333333343 0.115625