128 0.9046875 0.41328125 0.0828125 0.13515625
55 0.65546875 0.4140625 0.09140625 0.13046875
59 0.42109375 0.41484375 0.0765625 0.128125
32 0.22265625 0.41875 0.08359375 0.11015625
171 0.053125 0.61640625 0.08359375 0.12734375
141 0.9171875 0.75546875 0.09296875 0.13046875
176 0.22421875 0.7578125 0.0625 0.1046875
102 0.690625 0.75859375 0.07109375 0.1109375
3 0.4125 0.7609375 0.0734375 0.11015625
137 0.4203125 0.14453125 0.0828125 0.128125
163 0.56796875 0.146875 0.05546875 0.10703125
171 0.0515625 0.2125 0.0875 0.1359375