102 0.7107812499999999 0.17076388888888888 0.06791666666666671 0.12988425925925923
89 0.076875 0.19408564814814816 0.07526041666666665 0.13478009259259255
95 0.2888020833333333 0.4257002314814814 0.08598958333333329 0.1319791666666667
170 0.09666666666666666 0.42078703703703707 0.07239583333333333 0.13859375000000007
102 0.7192708333333334 0.450150462962963 0.06921874999999993 0.12602430555555558
3 0.4844791666666667 0.4486516203703704 0.06999999999999992 0.13774305555555558
102 0.719375 0.6739293981481481 0.06916666666666664 0.12524305555555557
152 0.11010416666666667 0.6574363425925925 0.07369791666666665 0.12303819444444457
102 0.5673958333333333 0.06671296296296296 0.06755208333333336 0.10102430555555557
137 0.5007291666666667 0.7040972222222223 0.08151041666666678 0.13496527777777773
102 0.8919791666666667 0.7952199074074073 0.07145833333333336 0.1362268518518519
99 0.7922395833333333 0.9131192129629631 0.050729166666666714 0.09428819444444443