177 0.06879629629629629 0.21065972222222223 0.13409143518518518 0.25129629629629624
137 0.5820891203703704 0.1848263888888889 0.07890046296296305 0.16178240740740737
136 0.36495949074074074 0.19999421296296296 0.07340856481481488 0.1599363425925926
32 0.468130787037037 0.19777199074074076 0.07514467592592596 0.1717361111111111
180 0.2855729166666666 0.021491608796296295 0.05942708333333328 0.04298321759259259
109 0.06320601851851852 0.46661458333333333 0.06745949074074073 0.17992476851851863
3 0.4017824074074074 0.5217708333333333 0.08184027777777772 0.14944444444444435
139 0.1642824074074074 0.5340856481481481 0.07604745370370374 0.12728587962962976
102 0.5549537037037038 0.5169560185185185 0.0787962962962963 0.15475115740740736
53 0.7761747685185185 0.5140856481481482 0.07545138888888907 0.13974537037037038
109 0.0702662037037037 0.7320775462962963 0.07658564814814814 0.2163078703703704
95 0.7720023148148148 0.7074189814814815 0.15299189814814812 0.15703703703703695
37 0.40346064814814814 0.7406018518518518 0.08097800925925931 0.14393518518518533