180 0.13582175925925927 0.011944444444444445 0.02366898148148149 0.02388888888888889
53 0.7460011574074075 0.17913194444444444 0.07271412037037042 0.11754050925925927
37 0.8577083333333334 0.17407407407407408 0.06956018518518547 0.11344907407407408
0 0.9702025462962963 0.1681886574074074 0.05701967592592609 0.10723958333333332
137 0.2911168981481481 0.2326388888888889 0.06954861111111113 0.11188657407407412
102 0.5614062499999999 0.21974537037037037 0.07031828703703695 0.11037037037037037
22 0.2889409722222222 0.4209664351851852 0.07112847222222225 0.11432291666666661
3 0.9722974537037036 0.020416666666666666 0.05462384259259281 0.04083333333333333
102 0.7441666666666666 0.02813078703703704 0.06635416666666671 0.05626157407407408
137 0.8582175925925926 0.026290509259259263 0.06481481481481488 0.05258101851851853
102 0.43233796296296295 0.5655266203703704 0.07118055555555554 0.12135416666666661
53 0.5573321759259259 0.5589004629629629 0.07188657407407409 0.11124421296296294
3 0.28934027777777777 0.5779050925925926 0.06564236111111113 0.11165509259259263
137 0.29164351851851855 0.05640046296296296 0.06799768518518512 0.11280092592592592
137 0.2854861111111111 0.8873726851851853 0.0679976851851852 0.11335648148148181
37 0.28737268518518516 0.738107638888889 0.07346643518518511 0.11368055555555542