125 0.603125 0.18984375 0.0359375 0.0453125
125 0.1265625 0.19140625 0.03671875 0.04921875
180 0.01796875 0.02109375 0.034375 0.0421875
112 0.18515625 0.29765625 0.065625 0.0875
112 0.82890625 0.29921875 0.0640625 0.08203125
12 0.48515625 0.31640625 0.034375 0.05546875
123 0.6046875 0.48515625 0.0359375 0.046875
123 0.128125 0.48671875 0.03671875 0.046875
4 0.509375 0.58984375 0.06953125 0.09375
123 0.1265625 0.7109375 0.0359375 0.0453125
123 0.603125 0.71328125 0.03828125 0.04609375
15 0.1046875 0.07578125 0.03515625 0.05
15 0.58203125 0.0765625 0.0390625 0.0484375
172 0.2703125 0.79140625 0.08984375 0.1
24 0.74765625 0.5625 0.07734375 0.06640625
24 0.271875 0.5578125 0.08828125 0.06953125