109 0.08133680555555556 0.24802083333333336 0.07285879629629628 0.1440104166666666
102 0.8115162037037038 0.30062500000000003 0.06223958333333357 0.11609375000000002
95 0.27994791666666663 0.51328125 0.06863425925925926 0.10796875000000003
55 0.7932291666666667 0.5475 0.07326388888888893 0.12848958333333335
64 0.8666087962962962 0.5531770833333333 0.0697337962962962 0.12281249999999985
178 0.05795717592592592 0.5000520833333333 0.10714699074074072 0.15562499999999985
3 0.532175925925926 0.5316666666666666 0.06932870370370381 0.11734375000000004
32 0.41649305555555555 0.5247395833333334 0.07184606481481488 0.11984375000000007
58 0.8214409722222221 0.7495833333333334 0.07890625 0.13119791666666672
28 0.5096064814814815 0.8575520833333334 0.07285879629629619 0.12302083333333336
180 0.39282407407407405 0.08114583333333333 0.054600694444444466 0.09692708333333333