180 0.52578125 0.01796875 0.0234375 0.0359375
1 0.771875 0.1859375 0.0453125 0.0640625
1 0.2609375 0.18984375 0.04296875 0.0640625
180 0.01640625 0.02265625 0.02734375 0.0453125
125 0.80078125 0.234375 0.025 0.0390625
125 0.5703125 0.234375 0.025 0.04296875
125 0.28984375 0.23828125 0.025 0.0375
125 0.06015625 0.2390625 0.02265625 0.0390625
64 0.578125 0.28828125 0.02890625 0.04453125
64 0.06953125 0.29140625 0.02890625 0.04765625
74 0.759375 0.33046875 0.028125 0.04453125
74 0.24921875 0.33515625 0.02890625 0.04453125
28 0.63515625 0.3640625 0.05 0.06875
28 0.1265625 0.37265625 0.05 0.06328125
31 0.8734375 0.37734375 0.05390625 0.08203125
31 0.3625 0.37890625 0.05078125 0.07890625
94 0.5390625 0.06171875 0.02890625 0.0484375
94 0.0296875 0.06328125 0.03125 0.046875
81 0.13203125 0.82109375 0.0578125 0.0953125
14 0.534375 0.821875 0.0765625 0.12265625
14 0.84765625 0.82265625 0.0734375 0.1171875
171 0.0265625 0.82265625 0.046875 0.08515625
17 0.25 0.8234375 0.07578125 0.12265625
45 0.69140625 0.8234375 0.0734375 0.11875
45 0.38984375 0.82421875 0.07578125 0.12109375
88 0.6234375 0.1359375 0.05703125 0.05390625
88 0.1125 0.1375 0.053125 0.05703125
55 0.24375 0.4296875 0.03359375 0.06015625
55 0.75234375 0.4265625 0.03203125 0.06015625
96 0.2609375 0.09296875 0.0453125 0.0734375
96 0.771875 0.08828125 0.04140625 0.0796875