136 0.4893923611111111 0.06819444444444445 0.05125578703703706 0.0648148148148148
180 0.013836805555555557 0.08770833333333333 0.027673611111111114 0.05354166666666667
137 0.935474537037037 0.18184606481481483 0.05125578703703724 0.06481481481481484
32 0.48780671296296296 0.17677662037037037 0.061400462962962976 0.06340277777777778
59 0.4883912037037037 0.3088310185185185 0.05207754629629626 0.07029513888888887
125 0.5927777777777778 0.35100694444444447 0.04965856481481481 0.060104166666666715
125 0.15914930555555556 0.34927083333333336 0.05673032407407406 0.06567708333333329
12 0.48684606481481485 0.41194444444444445 0.04649305555555561 0.05458912037037038
55 0.6999710648148149 0.43619791666666663 0.06616898148148138 0.07440972222222228
55 0.2773090277777778 0.4307175925925926 0.06385995370370363 0.07906250000000004
171 0.37410300925925927 0.02116898148148148 0.058819444444444535 0.031336805555555555
59 0.48579861111111117 0.5533506944444444 0.05123842592592602 0.06247106481481488
171 0.6061226851851853 0.02616898148148148 0.06587384259259252 0.03456597222222222
125 0.5910127314814815 0.5892881944444444 0.053587962962962976 0.06328703703703695
125 0.15663773148148147 0.5828530092592592 0.05517939814814814 0.06721643518518512
12 0.4850868055555555 0.6494444444444445 0.04494791666666664 0.056909722222222216
55 0.6990104166666666 0.6713657407407407 0.06145833333333339 0.07121527777777778
55 0.27478587962962964 0.6658622685185185 0.06618055555555555 0.07597222222222229
123 0.5908275462962963 0.8252488425925926 0.05123263888888889 0.06168981481481488
123 0.15565972222222224 0.8203645833333333 0.05359953703703706 0.06484953703703696
128 0.6999363425925926 0.8628067129629631 0.04575231481481481 0.06004629629629647
128 0.27335648148148145 0.8588310185185186 0.05044560185185185 0.06089699074074062