166 0.1521701388888889 0.15824652777777776 0.08070601851851852 0.14267939814814817
28 0.9013194444444445 0.13284143518518518 0.08396990740740726 0.14748263888888888
74 0.532523148148148 0.1480613425925926 0.08560185185185176 0.14988425925925924
104 0.7542592592592593 0.14453125 0.08716435185185176 0.14994212962962958
137 0.3550173611111111 0.16009837962962964 0.09035879629629626 0.15240162037037033
141 0.8946527777777777 0.3578414351851852 0.08162615740740727 0.1473958333333333
74 0.45870949074074074 0.4005208333333334 0.08532407407407412 0.14050925925925917
74 0.2260416666666667 0.483275462962963 0.07886574074074079 0.13324652777777785
102 0.897337962962963 0.583275462962963 0.08936921296296277 0.1453414351851851
74 0.40898148148148145 0.6302372685185185 0.08475115740740743 0.14751157407407406
104 0.1705613425925926 0.64375 0.0847511574074074 0.14751157407407406
64 0.7374479166666668 0.8436053240740741 0.08325810185185176 0.14979745370370381
3 0.41552662037037036 0.8570891203703702 0.09100115740740744 0.14774305555555572
59 0.5749016203703704 0.8511863425925925 0.09127893518518526 0.15711805555555572
74 0.1685590277777778 0.869357638888889 0.08624421296296299 0.14522569444444428
128 0.8957638888888889 0.8471064814814815 0.08716435185185176 0.14994212962962977
177 0.005105613425925927 0.6924189814814815 0.010211226851851853 0.0987268518518519
180 0.10525462962962964 0.031568287037037034 0.03788194444444444 0.06313657407407407