64 0.6259548611111111 0.37190972222222224 0.06703125000000014 0.10131944444444443
55 0.7571354166666667 0.3808680555555556 0.07152777777777786 0.1280555555555556
32 0.3258506944444444 0.3632638888888889 0.07949652777777771 0.13543402777777783
95 0.16871527777777778 0.3609722222222222 0.07859374999999998 0.09480902777777774
137 0.4857465277777777 0.3821006944444444 0.08409722222222235 0.13173611111111114
62 0.9051388888888889 0.47737847222222224 0.06862847222222221 0.13807291666666668
180 0.6363020833333334 0.08223958333333334 0.08440972222222225 0.11067708333333333
87 0.7004340277777777 0.5746354166666666 0.04022569444444439 0.089201388888889
102 0.7581944444444444 0.6147395833333333 0.03487847222222236 0.0593055555555555
102 0.6222048611111111 0.6110416666666667 0.06918402777777785 0.12795138888888893
3 0.4775173611111111 0.6116493055555556 0.06815972222222229 0.11697916666666668
102 0.7738194444444444 0.650625 0.030104166666666644 0.055190972222222356
53 0.9016319444444445 0.7055729166666667 0.07390625000000028 0.12972222222222224
28 0.47399305555555554 0.840625 0.08428819444444446 0.14032986111111115
104 0.8967534722222222 0.9251041666666666 0.07937499999999993 0.129965277777778
37 0.4802777777777778 0.13552083333333334 0.06739583333333332 0.11772569444444443
100 0.9108159722222222 0.25710069444444444 0.07621527777777785 0.1282638888888889
177 0.022586805555555554 0.35583333333333333 0.04517361111111111 0.13666666666666663