32 0.3133449074074074 0.13052662037037038 0.04398726851851853 0.07193287037037037
3 0.354837962962963 0.2796296296296296 0.04401041666666661 0.07349537037037032
102 0.7595023148148148 0.25121527777777775 0.044045138888888856 0.07583912037037041
3 0.8774710648148147 0.24247685185185186 0.04482638888888886 0.07589699074074074
102 0.23684606481481482 0.2899305555555555 0.04399884259259253 0.07271412037037042
96 0.15089699074074076 0.2970775462962963 0.04642361111111111 0.07835648148148149
96 0.6735300925925926 0.25992476851851853 0.04646990740740744 0.08148148148148149
171 0.5409780092592593 0.009809027777777776 0.052418981481481455 0.019618055555555552
125 0.5525925925925925 0.41637731481481477 0.03356481481481488 0.05321180555555553
125 0.8174363425925926 0.39675925925925926 0.028003472222222214 0.04655671296296297
125 0.02914351851851852 0.455931712962963 0.03432291666666667 0.051707175925925955
125 0.29164351851851855 0.4364872685185185 0.03193287037037038 0.04840856481481488
1 0.7564872685185186 0.4020543981481481 0.05032986111111111 0.07864583333333322
1 0.2345659722222222 0.44383680555555555 0.05266203703703702 0.07803819444444446
112 0.09021412037037038 0.49510995370370364 0.047986111111111104 0.07847222222222214
112 0.8753472222222222 0.4385127314814815 0.04713541666666643 0.0737268518518519
112 0.6128356481481482 0.45873842592592595 0.046377314814814774 0.07523148148148148
112 0.35265625 0.47957175925925927 0.045538194444444444 0.07126736111111107
123 0.2893518518518518 0.5911747685185185 0.03040509259259263 0.05063657407407405
123 0.5494965277777778 0.5726851851851851 0.029600694444444287 0.04901620370370381
123 0.8135474537037037 0.55390625 0.03263310185185162 0.04299768518518512
123 0.02603587962962963 0.6130208333333333 0.02880787037037037 0.04817708333333322
64 0.056308068749999995 0.6327444484375 0.014145621875 0.6358675921875 0.0132806125 0.6942557500000001 0.055443059375000006 0.69113260625 0.056308068749999995 0.6327444484375
64 0.580672009375 0.59553739375 0.536273275 0.5988261875 0.5354163062499999 0.65667158125 0.579815040625 0.6533827875 0.580672009375 0.59553739375
137 0.29462962962962963 0.8670428240740741 0.05598379629629626 0.09155092592592595
28 0.14618055555555556 0.8788194444444443 0.05287037037037039 0.09210069444444428
28 0.6703877314814815 0.840769675925926 0.05119212962962969 0.08417245370370381
27 0.7508333333333332 0.8363715277777779 0.058211805555555426 0.08391203703703702
65 0.5781655092592592 0.8499421296296298 0.06521990740740727 0.08287037037037023
137 0.8179976851851851 0.832957175925926 0.058200231481481526 0.08313078703703702
27 0.2289351851851852 0.8765914351851851 0.05666087962962969 0.08457754629629619
65 0.053877314814814815 0.8934606481481481 0.05892361111111111 0.07928240740740762
180 0.004076967592592592 0.10512152777777777 0.008153935185185184 0.046788194444444466
136 0.2188599537037037 0.13440393518518517 0.042436342592592616 0.07259837962962963