180 0.17734375 0.0140625 0.02890625 0.028125
3 0.23671875 0.29296875 0.084375 0.0921875
38 0.92578125 0.3234375 0.06171875 0.06640625
102 0.53046875 0.328125 0.05 0.06484375
53 0.34609375 0.55 0.08203125 0.103125
168 0.92421875 0.5546875 0.0625 0.07421875
102 0.52734375 0.55546875 0.05390625 0.07109375
120 0.92421875 0.7109375 0.06015625 0.06640625
102 0.53359375 0.7140625 0.06015625 0.0765625
171 0.0375 0.790625 0.07421875 0.08515625
102 0.43984375 0.08671875 0.07109375 0.08359375
142 0.23203125 0.0890625 0.08203125 0.08828125
141 0.73359375 0.88203125 0.0578125 0.06953125
171 0.0421875 0.296875 0.06796875 0.08515625