171 0.013993055555555554 0.09658564814814814 0.026429398148148146 0.08845486111111112
171 0.016504629629629626 0.541087962962963 0.02565972222222222 0.08998842592592596
171 0.019577546296296298 0.8504918981481481 0.02722222222222222 0.0900462962962962
37 0.07671296296296297 0.5503472222222221 0.06968749999999999 0.12910879629629618
87 0.07677083333333333 0.34728009259259257 0.06803819444444444 0.11733217592592596
27 0.3165104166666667 0.23666087962962962 0.0696122685185185 0.11895254629629629
53 0.43545138888888885 0.37228009259259254 0.07199652777777779 0.1245081018518519
149 0.43622685185185184 0.6878472222222223 0.06965277777777779 0.12442129629629636
39 0.5862210648148147 0.6926215277777777 0.06889467592592595 0.12751736111111106
102 0.5849016203703703 0.409056712962963 0.0704224537037037 0.1228877314814815
71 0.5821006944444445 0.2418113425925926 0.06728009259259267 0.12042824074074074
137 0.9345775462962964 0.5891493055555556 0.04987847222222221 0.09088541666666679
54 0.8580381944444444 0.5894386574074074 0.038923611111111 0.08813657407407405
128 0.8025694444444443 0.5873842592592593 0.05460648148148124 0.09652777777777785
55 0.7369444444444444 0.5849537037037036 0.04827546296296301 0.0853587962962962
132 0.704861111111111 0.4712962962962964 0.04827546296296283 0.0853587962962962