132 0.5786805555555555 0.21468171296296293 0.02375000000000007 0.04357638888888893
132 0.06306134259259259 0.18490740740740744 0.02842592592592592 0.04229166666666666
136 0.23491319444444442 0.2973900462962963 0.054479166666666676 0.0805381944444445
136 0.7513194444444444 0.3279918981481481 0.05213541666666668 0.0803993055555555
125 0.12461226851851852 0.3767534722222222 0.02606481481481482 0.03980902777777775
125 0.6410358796296296 0.4096990740740741 0.024537037037037024 0.04440393518518526
59 0.7516319444444445 0.4756018518518518 0.03951967592592602 0.06403356481481488
59 0.23679398148148145 0.4458738425925926 0.03953703703703706 0.06637731481481488
123 0.6432291666666667 0.6003703703703704 0.02608796296296294 0.04293402777777775
123 0.1252662037037037 0.5704571759259259 0.027667824074074067 0.04537037037037024
58 0.14203703703703704 0.6206481481481482 0.027633101851851815 0.04068287037037042
58 0.6584664351851852 0.654375 0.026875000000000072 0.043761574074074085
171 0.23715277777777777 0.07262152777777778 0.062459490740740795 0.1036574074074074
171 0.7496585648148149 0.10377314814814813 0.06166666666666672 0.10204861111111115
55 0.19365162037037037 0.7361574074074074 0.04263310185185185 0.06265625000000004
55 0.7842766203703704 0.7711574074074073 0.04178819444444457 0.054016203703703705
55 0.7092824074074073 0.7674942129629629 0.03949652777777786 0.06090856481481488
55 0.2702314814814815 0.7430381944444444 0.03481481481481481 0.06141203703703706
131 0.17067708333333334 0.9026909722222222 0.04747685185185184 0.08402777777777785
100 0.30740162037037033 0.9115740740740741 0.050555555555555555 0.07796296296296319
128 0.3769328703703704 0.9156944444444445 0.05217592592592588 0.0858680555555555
131 0.6886516203703703 0.9341666666666667 0.05217592592592588 0.0858680555555555
128 0.8933391203703703 0.9462962962962962 0.05058449074074076 0.08186921296296319
137 0.10037037037037037 0.8993055555555557 0.04977430555555555 0.07791666666666686
83 0.24022569444444444 0.9091550925925926 0.05453703703703701 0.0883506944444445
137 0.6199131944444444 0.9316550925925926 0.052164351851851976 0.0843055555555555
83 0.7574131944444444 0.9398032407407406 0.04903935185185197 0.08412037037037053
100 0.8253819444444446 0.9438310185185184 0.04825810185185162 0.08407407407407419
180 0.031516203703703706 0.14321180555555554 0.027656250000000004 0.04380787037037037