15 0.19409143518518518 0.15958333333333333 0.04138310185185183 0.053478009259259274
125 0.6168634259259259 0.19774884259259257 0.0491493055555555 0.05292824074074076
123 0.21764467592592593 0.20957754629629627 0.042210648148148164 0.05428240740740744
59 0.3192951109375 0.2627626953125 0.24918888906249997 0.264839915625 0.2442060078125 0.34892603125 0.3143122296875 0.3468488109375 0.3192951109375 0.2627626953125
112 0.7203587962962963 0.2937268518518518 0.07535879629629641 0.0872395833333334
55 0.4451736111111111 0.305 0.08538773148148149 0.11171296296296304
137 0.380318287037037 0.023773148148148147 0.07451967592592598 0.047546296296296295
95 0.9732172109375 0.42232994843749994 0.9153454359375001 0.42404466718749995 0.9107161312500001 0.502164175 0.96858790625 0.5004494562499999 0.9732172109375 0.42232994843749994
59 0 0.533828175 0.06815076249999999 0.53180889375 0.07326590937500001 0.44549079062499997 0.0005344984375 0.44764579531250004 0 0.45666545625 0 0.533828175
28 0.4875529046875 0 0.484795290625 0.0465347296875 0.5598863374999999 0.0443098109375 0.5625121046875 0 0.4875529046875 0
63 0.6701620370370371 0.01945601851851852 0.07139467592592581 0.03891203703703704
15 0.17237847222222222 0.5259895833333333 0.0411053240740741 0.048790509259259277
123 0.19657407407407407 0.5783043981481482 0.04583912037037039 0.049710648148148094
125 0.5949652777777777 0.5672800925925926 0.0485069444444445 0.05524884259259259
136 0.030747974537037037 0.6551331018518518 0.061495949074074074 0.08248263888888889
112 0.6984606481481481 0.6632581018518519 0.0688310185185184 0.08236689814814824
64 0.4217592592592593 0.6737962962962963 0.07559606481481485 0.10440393518518523
59 0.2949860546875 0.6389166296875 0.225388178125 0.6409787890625 0.2207661640625 0.718975275 0.290364040625 0.7169131156249999 0.2949860546875 0.6389166296875