177 0.08515625 0.21484375 0.1296875 0.2375
137 0.5859375 0.21484375 0.07421875 0.15390625
136 0.375 0.21953125 0.06953125 0.1515625
32 0.475 0.22265625 0.07109375 0.16328125
180 0.30078125 0.03203125 0.05703125 0.0609375
109 0.078125 0.46328125 0.0625 0.171875
3 0.40625 0.534375 0.07734375 0.14140625
139 0.175 0.534375 0.071875 0.1203125
102 0.55546875 0.53671875 0.07421875 0.14609375
53 0.77109375 0.5453125 0.071875 0.1328125
109 0.08125 0.721875 0.071875 0.20703125
95 0.7640625 0.73359375 0.146875 0.1453125
37 0.4046875 0.746875 0.07734375 0.1359375