102 0.7015625 0.175 0.05703125 0.1234375
89 0.08828125 0.215625 0.0640625 0.12734375
95 0.278125 0.4328125 0.075 0.12421875
170 0.09296875 0.434375 0.0609375 0.13125
102 0.69140625 0.44453125 0.05859375 0.1203125
3 0.465625 0.44921875 0.05859375 0.13046875
102 0.67734375 0.66015625 0.05859375 0.11953125
152 0.090625 0.66171875 0.06328125 0.1171875
102 0.5703125 0.06796875 0.05859375 0.115625
137 0.46484375 0.6953125 0.0703125 0.12734375
102 0.83671875 0.77265625 0.06015625 0.12890625
99 0.73203125 0.8890625 0.0421875 0.08984375