160 0.6789930555555556 0.21947916666666667 0.04690393518518512 0.0861284722222222
163 0.08993055555555556 0.23256944444444444 0.04004629629629628 0.09065972222222225
180 0.315625 0.01779079861111111 0.03671875 0.03558159722222222
102 0.5445891203703704 0.3061284722222222 0.042708333333333216 0.07822916666666666
3 0.41886574074074073 0.31048611111111113 0.04340277777777786 0.07590277777777779
102 0.54921875 0.45223958333333336 0.03943865740740744 0.07425347222222226
3 0.4258101851851852 0.45576388888888886 0.03952546296296298 0.07659722222222207
102 0.8280381944444443 0.5281423611111111 0.04586226851851834 0.07907986111111107
164 0.9429398148148149 0.5271527777777777 0.06828703703703702 0.115486111111111
137 0.69296875 0.5334895833333333 0.050694444444444466 0.08309027777777782
3 0.43347800925925933 0.6627951388888889 0.04184027777777786 0.07586805555555554
102 0.55625 0.6631944444444444 0.048958333333333395 0.07836805555555557
160 0.6999710648148149 0.7436631944444445 0.04612268518518512 0.08611111111111107
102 0.5634837962962963 0.8162847222222223 0.04279513888888893 0.08057291666666658
3 0.4400752314814815 0.8198090277777779 0.043315972222222145 0.07355902777777779
163 0.8679976851851852 0.0870486111111111 0.04728009259259238 0.09628472222222224
3 0.41174768518518523 0.13940972222222223 0.042737268518518515 0.07901041666666667
102 0.5360243055555556 0.13821180555555554 0.045949074074074045 0.08142361111111111