100 0.30859375 0.265625 0.0546875 0.07265625
53 0.6546875 0.2734375 0.0703125 0.0859375
102 0.52265625 0.275 0.0640625 0.08515625
102 0.52265625 0.45234375 0.0609375 0.090625
89 0.30859375 0.46171875 0.07109375 0.0796875
141 0.903125 0.56875 0.0625 0.07734375
102 0.77734375 0.56953125 0.06484375 0.08046875
102 0.3125 0.625 0.0765625 0.08359375
102 0.52265625 0.6421875 0.06328125 0.08515625
53 0.65 0.6453125 0.065625 0.08046875
53 0.65078125 0.8578125 0.071875 0.08515625
102 0.5234375 0.8625 0.06796875 0.08515625
53 0.9046875 0.090625 0.0625 0.09375
102 0.778125 0.090625 0.06875 0.08828125
100 0.65390625 0.09375 0.0578125 0.07421875
100 0.52109375 0.09609375 0.065625 0.084375
137 0.31328125 0.1015625 0.06953125 0.07734375