55 0.16328125 0.13984375 0.0328125 0.0578125
2 0.16328125 0.221875 0.03515625 0.0640625
12 0.1625 0.30546875 0.0359375 0.06015625
180 0.31171875 0.4734375 0.025 0.05234375
98 0.6765625 0.53828125 0.03828125 0.071875
102 0.67734375 0.62578125 0.03828125 0.06484375
102 0.6765625 0.7109375 0.03515625 0.06171875
102 0.6765625 0.79609375 0.03671875 0.05859375
180 0.6484375 0.1234375 0.028125 0.05390625
180 0.41484375 0.12421875 0.02734375 0.0515625
180 0.2265625 0.12578125 0.03046875 0.0515625
55 0.16171875 0.55703125 0.03828125 0.065625
95 0.28984375 0.190625 0.0359375 0.059375
95 0.47890625 0.18984375 0.03125 0.059375
95 0.7109375 0.18984375 0.0328125 0.05625