128 0.9353645833333333 0.3527604166666667 0.09260416666666664 0.14072916666666666
55 0.6838020833333334 0.36953125 0.10015625000000003 0.13734374999999996
59 0.44796874999999997 0.3868229166666667 0.0859375 0.1340625000000001
32 0.24901041666666668 0.40401041666666665 0.09177083333333336 0.11656250000000004
171 0.09114583333333333 0.6138541666666667 0.09286458333333333 0.13296875000000002
141 0.959765625 0.6956770833333333 0.08046875 0.1375
176 0.27328125000000003 0.74453125 0.06953125 0.10963541666666661
102 0.7428645833333334 0.7140104166666668 0.07932291666666665 0.11651041666666657
3 0.4625 0.7342708333333333 0.08078125000000007 0.11505208333333332
137 0.4290625 0.11500000000000002 0.09140625 0.13442708333333334
163 0.5784374999999999 0.10739583333333333 0.06265625000000004 0.11151041666666668
171 0.0625 0.20770833333333333 0.09661458333333335 0.14255208333333336