32 0.5102083333333333 0.1517013888888889 0.06458333333333321 0.07944444444444443
171 0.05416666666666666 0.19381944444444446 0.09046874999999999 0.10498263888888885
171 0.9528645833333332 0.18164930555555553 0.07453124999999972 0.11164930555555555
125 0.2994791666666667 0.29368055555555556 0.021250000000000036 0.026215277777777768
125 0.5814583333333333 0.2881944444444445 0.02213541666666661 0.027795138888888894
95 0.5220833333333333 0.02650173611111111 0.09250000000000007 0.05300347222222222
137 0.21744791666666669 0.35401041666666666 0.062135416666666644 0.07782986111111115
1 0.5517708333333333 0.3590625 0.06541666666666668 0.08024305555555555
81 0.04416666666666667 0.4289583333333333 0.08833333333333333 0.10281249999999993
81 0.9376562500000001 0.4097743055555556 0.07390624999999992 0.1022743055555555
123 0.28322916666666664 0.5140277777777778 0.02213541666666661 0.027795138888888894
55 0.2991666666666667 0.5675 0.02635416666666668 0.03256944444444443
55 0.5834374999999999 0.5627430555555556 0.024583333333333356 0.029409722222222177
42 0.3922395833333333 0.6223784722222222 0.047968749999999984 0.040850694444444356
42 0.6773958333333333 0.6160416666666666 0.04875000000000007 0.040868055555555574
42 0.32421875 0.6246701388888889 0.05510416666666664 0.042569444444444396
42 0.609375 0.6183333333333334 0.049687499999999926 0.043229166666666784
42 0.4601041666666667 0.6224305555555556 0.047239583333333356 0.04161458333333332
42 0.7483333333333333 0.6168055555555556 0.0484375 0.03618055555555557
63 0.19791666666666666 0.6352777777777778 0.06630208333333334 0.08182291666666668
162 0.9283854166666666 0.6658506944444444 0.05625 0.07145833333333336
123 0.26760416666666664 0.7718055555555555 0.022812500000000034 0.02624999999999993
142 0.18494791666666668 0.8415104166666666 0.06682291666666665 0.07793402777777772
62 0.5201041666666667 0.8340624999999999 0.06526041666666664 0.07789930555555565
53 0.703463346875 0.7839483546875 0.6318587921875001 0.7855395671875 0.62559600625 0.8794813671874999 0.6972005609374999 0.8778901546875 0.703463346875 0.7839483546875
53 0.4203850546875 0.794016446875 0.338801203125 0.7958294218749999 0.3329581703125 0.883474925 0.414542021875 0.88166195 0.4203850546875 0.794016446875
180 0.14427083333333335 0.10600694444444443 0.020468750000000036 0.026197916666666644