132 0.06486689814814814 0.054953703703703706 0.037806712962962966 0.07208912037037037
96 0.1290046296296296 0.5450578703703703 0.05495949074074078 0.09833333333333343
125 0.25592013888888887 0.19943287037037036 0.03380208333333332 0.05715277777777779
59 0.21227430555555554 0.5420659722222222 0.058686342592592575 0.10858217592592592
64 0.29450810185185183 0.27154513888888887 0.039693287037037096 0.0776041666666667
125 0.28388888888888886 0.6845659722222222 0.03453703703703699 0.05639467592592595
123 0.4837268518518519 0.2139814814814815 0.03950810185185176 0.07447916666666661
123 0.5115104166666666 0.6959895833333333 0.038402777777777786 0.06898726851851862
128 0.5888020833333334 0.789525462962963 0.05339699074074069 0.09828703703703709
128 0.5601041666666667 0.31840856481481483 0.052430555555555716 0.09513888888888893
158 0.7011342592592593 0.19780671296296296 0.05569444444444436 0.0975752314814815
36 0.79578125 0.3604861111111111 0.06038773148148149 0.11097222222222225
33 0.7318634259259259 0.5847569444444444 0.06204282407407398 0.1125810185185184
34 0.8922048611111111 0.5926273148148148 0.06374421296296298 0.11497106481481474
27 0.9037789351851853 0.7879398148148148 0.062135416666667 0.11414351851851841
63 0.7444965277777778 0.7847800925925926 0.06020254629629633 0.10784722222222225
162 0.9711574074074074 0.13343750000000001 0.05768518518518526 0.15410300925925924
171 0.9162268518518518 0.971736111111111 0.05481481481481474 0.056527777777777996