180 0.11489583333333334 0.10697916666666667 0.06916666666666668 0.08956018518518519
95 0.4404861111111111 0.09597222222222222 0.06793402777777775 0.10439236111111112
112 0.7403993055555556 0.37114004629629627 0.057517361111111144 0.0925983796296296
95 0.9249131944444443 0.3057002314814815 0.06661458333333314 0.0801678240740741
177 0.9309027777777779 0.46974537037037034 0.07256944444444428 0.10208333333333339
112 0.17324652777777777 0.37690393518518517 0.06947916666666668 0.10362268518518522
59 0.4452083333333333 0.3084722222222222 0.07338541666666672 0.10365162037037035
55 0.6497222222222222 0.6507638888888889 0.06609374999999992 0.09188078703703706
55 0.25609375 0.6591493055555555 0.06519097222222223 0.08640624999999993
125 0.12734375 0.28035300925925927 0.040555555555555546 0.06747685185185182
125 0.13234374999999998 0.5405150462962963 0.03807291666666668 0.06120949074074069
125 0.4919791666666667 0.26827546296296295 0.037378472222222216 0.06510995370370373
125 0.49786458333333333 0.5331192129629629 0.03171874999999993 0.056475694444444356