72 0.4688194444444445 0.32385416666666667 0.04090277777777764 0.08368055555555554
36 0.79421875 0.38345486111111116 0.06868055555555568 0.13895833333333335
55 0.44567708333333333 0.52109375 0.058958333333333356 0.12312499999999993
64 0.35661458333333335 0.5191145833333334 0.07190972222222225 0.14371527777777776
55 0.5089409722222222 0.5232812499999999 0.05465277777777775 0.14020833333333335
48 0.8468229166666668 0.5839409722222222 0.05814236111111128 0.12154513888888889
1 0.19243055555555555 0.6264583333333333 0.06475694444444442 0.13809027777777771
55 0.4686631944444445 0.7177951388888889 0.07937499999999993 0.16340277777777779
55 0.3505902777777778 0.7198611111111111 0.07204861111111108 0.14996527777777774
102 0.846232638888889 0.8215451388888889 0.05449652777777771 0.09803819444444457
75 0.6114409722222222 0.09644097222222223 0.07446180555555557 0.1531423611111111
73 0.4504513888888889 0.09520833333333334 0.060677083333333395 0.13019097222222223
134 0.28635416666666663 0.09312499999999999 0.06060763888888889 0.1270659722222222
28 0.04958333333333333 0.16055555555555556 0.06956597222222223 0.14366319444444448
14 0.7343576388888888 0.22814236111111114 0.04569444444444439 0.0884722222222222