180 0.01640625 0.0265625 0.0328125 0.053125
171 0.03454861111111111 0.11628472222222222 0.04804398148148149 0.08378472222222219
171 0.018172743055555555 0.5382291666666668 0.03634548611111111 0.08546875000000007
171 0.011553819444444443 0.8311458333333335 0.023107638888888886 0.08545138888888885
37 0.07875578703703703 0.5429340277777778 0.07108217592592594 0.12175347222222221
87 0.08950231481481481 0.3507291666666667 0.06891203703703704 0.10999999999999996
27 0.32354166666666667 0.23159722222222223 0.07055555555555557 0.11159722222222221
53 0.4288194444444445 0.35333333333333333 0.07318287037037034 0.1171180555555555
149 0.41248263888888886 0.6533506944444445 0.07083912037037035 0.11706597222222222
39 0.5547106481481482 0.6494097222222223 0.07021990740740733 0.120173611111111
102 0.5694270833333333 0.3806423611111111 0.07153935185185176 0.11552083333333334
71 0.5761284722222222 0.22130208333333332 0.06833333333333336 0.11388888888888893
137 0.8901099537037037 0.5319270833333334 0.05124999999999993 0.08541666666666661
54 0.818113425925926 0.5358680555555555 0.040972222222222146 0.08284722222222207
128 0.7657696759259259 0.5370312500000001 0.05543981481481488 0.09097222222222215
55 0.7032696759259259 0.5384201388888888 0.049403935185185335 0.07991319444444436
132 0.6790914351851851 0.4328298611111111 0.049403935185185335 0.07991319444444436