137 0.6831770833333334 0.18203125 0.07677083333333332 0.10859375
137 0.5128125000000001 0.1828125 0.08411458333333321 0.11328125
136 0.35812499999999997 0.1828125 0.07838541666666661 0.109375
28 0.9517708333333333 0.184375 0.07760416666666678 0.09765625
136 0.22890625 0.1875 0.07734375 0.10546875
171 0.016966145833333335 0.3125 0.03393229166666667 0.1078125
180 0.26885416666666667 0.03359375 0.07317708333333331 0.06640625
177 0.062239583333333334 0.37890625 0.06333333333333332 0.09453125
109 0.008958333333333336 0.44921875 0.01791666666666667 0.1234375
102 0.503125 0.45703125 0.08015624999999993 0.10078125
102 0.4997395833333334 0.578125 0.07447916666666679 0.09765625
53 0.9205208333333333 0.653125 0.07760416666666678 0.09765625
3 0.19515625 0.65859375 0.09369791666666663 0.1046875
102 0.49015625000000007 0.6984375 0.08937500000000007 0.0984375
160 0.91859375 0.7875 0.06281250000000008 0.075
102 0.4804166666666667 0.809375 0.08453124999999986 0.09609375
102 0.47401041666666666 0.9171875 0.07359375000000004 0.09609375