32 0.50078125 0.1625 0.05625 0.0734375
171 0.07265625 0.19296875 0.07890625 0.09765625
171 0.93125 0.20078125 0.08125 0.103125
125 0.31171875 0.2921875 0.01875 0.02421875
125 0.5765625 0.29296875 0.01875 0.02578125
95 0.5046875 0.034375 0.0828125 0.06875
137 0.2375 0.346875 0.05390625 0.071875
1 0.55390625 0.35859375 0.05703125 0.07421875
81 0.07421875 0.4140625 0.0859375 0.09453125
81 0.9328125 0.415625 0.08515625 0.09453125
123 0.31015625 0.49921875 0.01875 0.02578125
55 0.328125 0.55078125 0.02265625 0.03046875
55 0.59609375 0.5515625 0.021875 0.0265625
42 0.41953125 0.60390625 0.0421875 0.0375
42 0.6890625 0.60390625 0.04296875 0.0375
42 0.35546875 0.6046875 0.05 0.0390625
42 0.62421875 0.6046875 0.04453125 0.03984375
42 0.48359375 0.60546875 0.0421875 0.03828125
42 0.75546875 0.60625 0.04375 0.0328125
63 0.23671875 0.61171875 0.0578125 0.07578125
162 0.9359375 0.65625 0.0609375 0.06484375
123 0.3109375 0.7421875 0.01953125 0.02421875
142 0.2375 0.80625 0.05859375 0.071875
62 0.55390625 0.80625 0.05703125 0.071875
53 0.6561962890624999 0.85105853125 0.7237451171875 0.85105853125 0.7237451171875 0.7626151937500001 0.6561962890624999 0.7626151937500001 0.6561962890624999 0.85105853125
53 0.37997558593749997 0.848692403125 0.45693847656250003 0.848692403125 0.45693847656250003 0.7661768375 0.37997558593749997 0.7661768375 0.37997558593749997 0.848692403125
180 0.153125 0.11171875 0.01796875 0.02421875