141 0.26319444444444445 0.06846064814814815 0.07152777777777786 0.10114004629629629
31 0.45463541666666674 0.07760416666666667 0.0914756944444445 0.11152777777777778
28 0.5945138888888889 0.08407407407407408 0.0875 0.10976273148148148
158 0.7044965277777777 0.09369212962962963 0.09725694444444458 0.11884259259259258
36 0.15581597222222224 0.2469097222222222 0.08468749999999999 0.11663194444444444
34 0.22805555555555554 0.4010011574074074 0.08223958333333332 0.11416666666666675
33 0.3328472222222222 0.4040856481481482 0.08394097222222223 0.11737268518518533
33 0.43508680555555557 0.41173611111111114 0.08067708333333332 0.11408564814814817
33 0.5304340277777777 0.4158969907407407 0.08454861111111107 0.11350694444444435
33 0.6274131944444445 0.41857638888888893 0.08401041666666664 0.11893518518518516
33 0.7289756944444445 0.42384259259259255 0.08152777777777764 0.11568865740740755
58 0.9240104166666667 0.2287962962962963 0.08635416666666665 0.11905671296296294
58 0.918715277777778 0.43603009259259257 0.09131944444444429 0.1255497685185185
63 0.9014756944444444 0.7358275462962963 0.08720486111111114 0.12065972222222214
147 0.8861458333333333 0.9676215277777779 0.07993055555555557 0.06475694444444428
102 0.5705902777777778 0.9578356481481481 0.08319444444444457 0.08432870370370367
137 0.18302083333333333 0.949230324074074 0.09243055555555557 0.10153935185185184