64 0.6735474537037037 0.8091724537037036 0.0663657407407408 0.10486111111111107
74 0.5896527777777777 0.8802662037037037 0.06636574074074061 0.10486111111111107
63 0.753732638888889 0.870457175925926 0.051458333333333425 0.09516782407407405
39 0.3985532407407407 0.9358506944444445 0.0638020833333334 0.075
102 0.38446759259259256 0.08955439814814814 0.041186342592592594 0.07879050925925926
53 0.22745949074074073 0.10431134259259259 0.06409722222222225 0.11484375
137 0.7642361111111111 0.07236689814814815 0.06177662037037024 0.11779513888888889
102 0.5486631944444444 0.09537037037037036 0.06635416666666671 0.10329861111111109
10 0.6486805555555556 0.09030671296296296 0.06798032407407409 0.11200810185185187
137 0.968287037037037 0.06892361111111109 0.06342592592592596 0.11412037037037037
19 0.865127314814815 0.07974537037037036 0.04537037037037024 0.11657986111111111
37 0.2246875 0.2577256944444445 0.09450810185185184 0.10928819444444446
180 0.058750000000000004 0.01953125 0.033125 0.0390625
123 0.533130787037037 0.3200810185185185 0.027696759259259275 0.049681712962962976
137 0.9106770833333332 0.31947337962962963 0.07118634259259267 0.1231770833333333
113 0.7253819444444444 0.41996527777777776 0.055491898148148165 0.11264467592592595
137 0.2325289351851852 0.4721064814814815 0.07258680555555559 0.10141782407407404
9 0.4364351851851852 0.4570023148148148 0.0553993055555555 0.10014467592592595
32 0.11462384259259259 0.48943865740740744 0.07414930555555554 0.10153356481481488
171 0.00917824074074074 0.5003761574074075 0.010868055555555556 0.09684606481481488
3 0.34903356481481485 0.4767650462962963 0.0694618055555555 0.10118634259259256
36 0.9176157407407407 0.517505787037037 0.06770254629629627 0.0745081018518519
102 0.615630787037037 0.5883391203703704 0.07245370370370363 0.08344907407407405
3 0.3894675925925926 0.6590277777777778 0.07717592592592597 0.08848379629629637
33 0.9220023148148148 0.6875868055555555 0.05304976851851819 0.09918981481481488
137 0.25063078703703706 0.805324074074074 0.05288773148148147 0.07731481481481488
139 0.3943981481481481 0.7970196759259259 0.059270833333333425 0.09574652777777785
6 0.12956597222222221 0.8182002314814815 0.06545717592592593 0.08761574074074083
65 0.7288888888888889 0.5768229166666666 0.051417824074074046 0.08969907407407404
90 0.9217071759259259 0.8587962962962964 0.04272569444444443 0.07578125
102 0.6098206018518518 0.43712384259259257 0.045092592592592594 0.07907986111111107