3 0.36328125 0.253125 0.06875 0.134375
102 0.49140625 0.25625 0.06328125 0.1125
11 0.61015625 0.26015625 0.071875 0.1171875
177 0.0765625 0.328125 0.0796875 0.14453125
148 0.9421875 0.340625 0.08125 0.1578125
136 0.203125 0.3453125 0.06953125 0.12265625
37 0.765625 0.35859375 0.07421875 0.13359375
166 0.3640625 0.4796875 0.065625 0.109375
137 0.4875 0.48125 0.07578125 0.121875
1 0.509375 0.7203125 0.07109375 0.115625
1 0.62578125 0.72265625 0.06953125 0.12109375
102 0.3734375 0.790625 0.065625 0.10390625
180 0.16328125 0.05234375 0.02578125 0.04140625