180 0.2428298611111111 0.07836805555555555 0.09970486111111114 0.13308449074074075
23 0.09130208333333334 0.10605902777777779 0.08234374999999998 0.15936342592592592
53 0.7136250093750001 0.11063304843749999 0.6434834390625 0.10647651093749999 0.6466452359375 0.24875743906249997 0.71678680625 0.25291397656250003 0.7136250093750001 0.11063304843749999
55 0.5051736111111111 0.22733217592592592 0.08090277777777785 0.16473958333333333
59 0.36703125000000003 0.2604976851851852 0.06414930555555554 0.14814236111111115
136 0.2701909722222222 0.25631944444444443 0.056059027777777805 0.13517939814814817
23 0.09758680555555556 0.31865162037037037 0.07833333333333334 0.15444444444444444
137 0.6878125 0.4059027777777778 0.08246527777777786 0.16483217592592592
23 0.103125 0.5327604166666667 0.07907986111111112 0.15292824074074077
32 0.5629166666666666 0.6138425925925926 0.06446180555555543 0.12709490740740748
23 0.4068402777777777 0.8932754629629631 0.07420138888888879 0.14405671296296277
23 0.5084027777777778 0.8992939814814814 0.07888888888888879 0.14433449074074076
23 0.603732638888889 0.9057233796296297 0.08361111111111122 0.1461747685185184
148 0.3499652777777778 0.5107175925925926 0.05848958333333334 0.139224537037037
148 0.6495659722222222 0.6158564814814815 0.05689236111111118 0.1375694444444445
148 0.865763888888889 0.6544155092592592 0.059236111111111 0.13770833333333332