132 0.4109375 0.21015625 0.025 0.03359375
136 0.6234375 0.22109375 0.04296875 0.05859375
137 0.82890625 0.25703125 0.04921875 0.05859375
125 0.65859375 0.271875 0.02109375 0.03203125
125 0.43984375 0.28125 0.0265625 0.03515625
37 0.621875 0.28359375 0.04453125 0.0546875
39 0.91015625 0.3375 0.05859375 0.075
0 0.828125 0.3390625 0.0546875 0.071875
112 0.728125 0.34765625 0.0703125 0.0875
3 0.6109375 0.42578125 0.06171875 0.0765625
28 0.828125 0.44140625 0.053125 0.06484375
27 0.90703125 0.44375 0.0578125 0.06875
55 0.734375 0.46640625 0.05234375 0.0671875
141 0.828125 0.54375 0.05546875 0.0734375
169 0.90703125 0.54375 0.05390625 0.0734375
102 0.53515625 0.58359375 0.0515625 0.065625
102 0.590625 0.58359375 0.05078125 0.065625
102 0.64453125 0.58359375 0.05 0.0625
102 0.70234375 0.58515625 0.0484375 0.065625
96 0.40703125 0.625 0.04609375 0.07265625
50 0.309375 0.625 0.05234375 0.065625
98 0.828125 0.6515625 0.05546875 0.0703125
123 0.646875 0.65546875 0.028125 0.03125
123 0.4421875 0.65625 0.02890625 0.03515625
86 0.9109375 0.659375 0.0515625 0.0703125
62 0.519365 0.7467937499999999 0.5862350000000001 0.7467937499999999 0.5862350000000001 0.67458125 0.519365 0.67458125 0.519365 0.7467937499999999
62 0.6673600000000001 0.7484625 0.73284 0.7484625 0.73284 0.6758375 0.6673600000000001 0.6758375 0.6673600000000001 0.7484625
137 0.83203125 0.753125 0.05625 0.0671875
109 0.69453125 0.08125 0.05078125 0.0765625
128 0.66484375 0.82578125 0.0578125 0.07421875
128 0.5796875 0.8265625 0.053125 0.0703125
29 0.83046875 0.8453125 0.0609375 0.071875