180 0.08203125 0.03671875 0.0359375 0.065625
137 0.14921875 0.19140625 0.03828125 0.07421875
177 0.02890625 0.51328125 0.04375 0.08046875
55 0.359375 0.22109375 0.0390625 0.07265625
88 0.2734375 0.15234375 0.04375 0.05
102 0.2734375 0.24609375 0.040625 0.07890625
3 0.3140625 0.36484375 0.04296875 0.07421875
3 0.33671875 0.725 0.04296875 0.071875
3 0.56171875 0.6203125 0.04453125 0.07890625
3 0.56171875 0.365625 0.04453125 0.07421875
137 0.2125 0.8578125 0.03984375 0.071875
102 0.33515625 0.8625 0.046875 0.0796875
145 0.5609375 0.85234375 0.0421875 0.0765625
160 0.5609375 0.11484375 0.04296875 0.075
142 0.6640625 0.36484375 0.04296875 0.075
102 0.66484375 0.5125 0.04296875 0.07578125
102 0.8 0.33359375 0.04375 0.075
57 0.80078125 0.1953125 0.04140625 0.0796875
62 0.80234375 0.4609375 0.0421875 0.06953125
28 0.9359375 0.2734375 0.04296875 0.075
28 0.92265625 0.74453125 0.04375 0.078125
141 0.80234375 0.74609375 0.04375 0.07578125
102 0.8015625 0.86484375 0.04296875 0.06640625
102 0.9234375 0.865625 0.04140625 0.0703125