54 0.128125 0.33671875 0.0375 0.0828125
137 0.328125 0.33671875 0.05703125 0.121875
137 0.2265625 0.3375 0.0296875 0.0859375
137 0.6671875 0.3390625 0.0578125 0.11796875
54 0.90234375 0.340625 0.03828125 0.08671875
54 0.47890625 0.3421875 0.03515625 0.08671875
55 0.12890625 0.5203125 0.04609375 0.0890625
55 0.9 0.5203125 0.03515625 0.08125
56 0.78203125 0.521875 0.04609375 0.084375
56 0.2296875 0.52265625 0.0453125 0.0859375
16 0.6671875 0.5234375 0.0578125 0.11484375
16 0.32890625 0.525 0.0640625 0.1171875
55 0.478125 0.5265625 0.04296875 0.08984375
128 0.478125 0.69921875 0.04296875 0.09453125
128 0.12734375 0.70234375 0.046875 0.0921875
137 0.228125 0.70390625 0.0328125 0.08828125
137 0.32890625 0.7046875 0.0546875 0.1140625
128 0.9 0.70625 0.04765625 0.09296875
137 0.6671875 0.70703125 0.06171875 0.11875
180 0.0421875 0.0765625 0.02578125 0.05546875
132 0.0484375 0.13984375 0.025 0.05546875
132 0.5671875 0.14140625 0.0265625 0.053125