180 0.2796875 0.1328125 0.08671875 0.12109375
23 0.14296875 0.16875 0.07109375 0.1390625
53 0.6398206015625 0.2679571765625 0.70289930625 0.2679571765625 0.70289930625 0.1401678234375 0.6398206015625 0.1401678234375 0.6398206015625 0.2679571765625
55 0.5125 0.25625 0.06953125 0.14375
59 0.3875 0.29375 0.0546875 0.13046875
136 0.30078125 0.29453125 0.04765625 0.11875
23 0.14375 0.36015625 0.0671875 0.134375
137 0.6734375 0.40703125 0.0703125 0.14375
23 0.14453125 0.55234375 0.06796875 0.13359375
32 0.55703125 0.60078125 0.05546875 0.1109375
23 0.4109375 0.8609375 0.0640625 0.12578125
23 0.50234375 0.8609375 0.06796875 0.12578125
23 0.58828125 0.86171875 0.07265625 0.1265625
148 0.36796875 0.51953125 0.05 0.12265625
148 0.63515625 0.59765625 0.0484375 0.1203125
148 0.82890625 0.62109375 0.05078125 0.1203125