10 0.794525462962963 0.2143634259259259 0.10240162037037041 0.14166087962962964
137 0.9304224537037037 0.20809606481481482 0.08657407407407405 0.13694444444444445
137 0.6530787037037037 0.22247685185185184 0.07347800925925937 0.10977430555555552
177 0.09748842592592592 0.25362268518518516 0.090625 0.1098842592592593
3 0.2592071759259259 0.24523726851851854 0.10556712962962962 0.14260416666666664
102 0.46265625000000005 0.33364004629629634 0.08646412037037052 0.11979745370370373
177 0.09502314814814813 0.36127314814814815 0.08671875 0.10968171296296295
83 0.9189236111111111 0.3847800925925926 0.10140625000000014 0.15251736111111117
37 0.24949652777777778 0.44754050925925926 0.09236689814814811 0.1434780092592593
137 0.9054456018518519 0.5545543981481481 0.08227430555555557 0.11412615740740736
10 0.0030917245370370356 0.6084432870370371 0.006183449074074071 0.07295717592592581
53 0.6640277777777778 0.04469328703703703 0.0875694444444445 0.08938657407407406
177 0.10361689814814815 0.15045717592592595 0.08173611111111115 0.11877314814814817
102 0.4759895833333333 0.13660300925925925 0.08282986111111121 0.13986689814814818