132 0.1671875 0.2015625 0.0515625 0.1125
145 0.72421875 0.28515625 0.10703125 0.1984375
177 0.05859375 0.57109375 0.0703125 0.16015625
57 0.6915896187499999 0.642769840625 0.7560665046875 0.642769840625 0.7560665046875 0.51005555625 0.6915896187499999 0.51005555625 0.6915896187499999 0.642769840625
37 0.89375 0.578125 0.1 0.20546875
102 0.553125 0.578125 0.06015625 0.1296875
176 0.21015625 0.5796875 0.0953125 0.18984375
3 0.384375 0.58046875 0.1015625 0.21015625
180 0.1453125 0.06953125 0.05625 0.10234375
171 0.059375 0.32265625 0.07109375 0.1390625
171 0.06015625 0.825 0.06953125 0.14140625