42 0.6363078703703703 0.28443287037037035 0.09939236111111108 0.1325520833333333
74 0.7363888888888889 0.29907407407407405 0.06904513888888886 0.14782986111111107
109 0.03002314814814815 0.3627314814814815 0.05524305555555555 0.18246527777777768
62 0.9078703703703704 0.46319444444444446 0.06982638888888885 0.1478587962962962
59 0.2658275462962963 0.45894097222222224 0.08090277777777777 0.16701388888888893
42 0.6423553240740741 0.5736400462962963 0.087638888888889 0.12743055555555555
74 0.7431886574074074 0.5844039351851851 0.0824131944444444 0.16004050925925917
177 0.03774884259259259 0.5621817129629629 0.0682002314814815 0.13920717592592596
53 0.9070775462962963 0.6724826388888889 0.07844328703703703 0.15130208333333323
87 0.6909201388888888 0.9089409722222221 0.05635416666666657 0.1215856481481481
28 0.575306712962963 0.9062210648148149 0.06575231481481474 0.12505787037037025
63 0.47375000000000006 0.9032407407407408 0.061076388888889 0.12644675925925952
64 0.5492534722222222 0.13046875 0.03968750000000014 0.08582175925925925
123 0.585462962962963 0.1685185185185185 0.026128472222222143 0.04782986111111107
180 0.1758564814814815 0.016666666666666666 0.025931712962962993 0.021267361111111112
128 0.9022974537037036 0.2380497685185185 0.07058449074074069 0.1447627314814815