177 0.052170138888888884 0.2865972222222222 0.09086805555555558 0.11284722222222224
180 0.40381944444444445 0.028524305555555556 0.03138888888888882 0.038940972222222224
89 0.43963541666666667 0.5775173611111111 0.09121527777777771 0.12065972222222214
100 0.42828125000000006 0.8329861111111111 0.09145833333333328 0.12612847222222215
137 0.5499131944444444 0.9115451388888889 0.09866319444444435 0.130190972222222
102 0.7948090277777778 0.2929340277777778 0.07815972222222207 0.1078819444444445
102 0.58078125 0.4633506944444445 0.07781249999999992 0.1000694444444445
102 0.6613888888888889 0.46201388888888884 0.07496527777777776 0.10625
102 0.7433506944444445 0.46539930555555553 0.07869791666666667 0.10243055555555554
141 0.8898784722222223 0.4764756944444445 0.08954861111111115 0.11828125000000007
3 0.5982465277777778 0.28152777777777777 0.09046874999999996 0.12142361111111111
53 0.8028298611111111 0.11246527777777778 0.09421874999999993 0.13555555555555557
55 0.03553819444444445 0.5904340277777778 0.0682986111111111 0.096736111111111
31 0.8739756944444445 0.8342881944444445 0.08149305555555557 0.112638888888889