109 0.0029036458333333336 0.24284143518518517 0.005807291666666667 0.14478587962962966
50 0.0840625 0.06291087962962963 0.085 0.12582175925925926
50 0.07208333333333333 0.24166087962962962 0.08416666666666665 0.1386111111111111
50 0.04385416666666666 0.6533912037037037 0.08671875 0.14177083333333335
50 0.03885416666666667 0.8369618055555555 0.07770833333333334 0.14180555555555543
174 0.2020833333333333 0.0610865162037037 0.09187499999999993 0.1221730324074074
174 0.19145833333333334 0.2422337962962963 0.09031250000000002 0.1371412037037037
174 0.16510416666666666 0.6492534722222223 0.09458333333333332 0.1426678240740742
174 0.15104166666666666 0.8367766203703704 0.08572916666666668 0.1386342592592591
50 0.31453125000000004 0.061197916666666664 0.08343749999999997 0.12239583333333333
50 0.27432291666666664 0.6499768518518518 0.08661458333333334 0.15191550925925928
50 0.26416666666666666 0.8374421296296296 0.0877604166666666 0.13398148148148153
50 0.3036979166666667 0.24447337962962962 0.08697916666666661 0.13396990740740744
55 0.4408854166666667 0.14175925925925928 0.08989583333333329 0.1425983796296296
55 0.3980208333333334 0.7378993055555556 0.08708333333333336 0.14723958333333337
148 0.5442708333333334 0.13632523148148148 0.07218750000000007 0.14623842592592595
148 0.5041145833333334 0.7386689814814814 0.08057291666666658 0.13153356481481476
95 0.74125 0.44793981481481476 0.07843750000000008 0.12291666666666679
180 0.8509374999999999 0.2894386574074074 0.06692708333333357 0.11416087962962962
180 0.8446354166666665 0.4776273148148148 0.08390624999999971 0.1229976851851852
180 0.9396875 0.37475694444444446 0.07687500000000007 0.12289351851851853