180 0.0828125 0.115625 0.02421875 0.0484375
58 0.5734375 0.14296875 0.0484375 0.09140625
136 0.9171875 0.14609375 0.05234375 0.1015625
22 0.92265625 0.3078125 0.0484375 0.09453125
125 0.8265625 0.3109375 0.02265625 0.0453125
125 0.153125 0.31171875 0.02265625 0.04140625
1 0.48671875 0.353125 0.03984375 0.06015625
112 0.18828125 0.39140625 0.0390625 0.065625
112 0.7953125 0.39375 0.0375 0.06328125
171 0.48984375 0.04765625 0.153125 0.0953125
123 0.15390625 0.5484375 0.02109375 0.03984375
123 0.828125 0.55 0.02265625 0.04375
55 0.6789163203124999 0.590538921875 0.7024870062499999 0.590538921875 0.7024870062499999 0.5460479046875 0.6789163203124999 0.5460479046875 0.6789163203124999 0.590538921875
55 0.290625 0.56953125 0.02578125 0.04453125
68 0.92578125 0.63671875 0.0515625 0.0953125
42 0.6078125 0.63671875 0.04453125 0.0640625
42 0.36484375 0.63984375 0.04765625 0.0640625
128 0.20078125 0.790625 0.05 0.09375
128 0.78984375 0.7984375 0.0484375 0.09375
42 0.365625 0.82265625 0.04765625 0.06328125
42 0.6078125 0.825 0.046875 0.06171875
140 0.92734375 0.84140625 0.04921875 0.09609375