37 0.2111111111111111 0.18244791666666665 0.08234953703703703 0.1818344907407407
102 0.41634837962962956 0.26972222222222225 0.0892650462962962 0.1791261574074074
145 0.6116898148148149 0.25892939814814814 0.0856481481481481 0.18670717592592592
98 0.8634837962962962 0.25027199074074075 0.0854456018518519 0.18123842592592593
32 0.22314814814814818 0.4228877314814815 0.08466435185185191 0.18119212962962958
123 0.5478298611111111 0.6064351851851851 0.03735532407407405 0.08250578703703688
123 0.787789351851852 0.5953472222222222 0.037152777777777854 0.07703703703703706
180 0.09890046296296295 0.04894675925925926 0.04308449074074074 0.08986111111111111
3 0.3792534722222222 0.7268229166666667 0.08394097222222215 0.18270833333333342
176 0.23330439814814813 0.739386574074074 0.08457754629629628 0.17884837962962957
102 0.6296006944444444 0.721383101851852 0.08058449074074084 0.1762731481481481
128 0.8773726851851851 0.709832175925926 0.08142361111111143 0.17788194444444444