136 0.4078125 0.21645833333333336 0.1046875 0.08432870370370367
32 0.83125 0.19683449074074075 0.08515625 0.08942129629629632
59 0.4078125 0.3344270833333334 0.0875 0.07940393518518522
31 0.053125 0.3601331018518519 0.0890625 0.0974652777777778
141 0.04375 0.5153761574074074 0.0875 0.07237268518518522
137 0.8359375 0.473119212962963 0.0890625 0.08965277777777772
53 0.0484375 0.6690046296296297 0.0890625 0.09668402777777771
55 0.3390625 0.8103761574074074 0.11484375 0.11539930555555564
140 0.05 0.8368807870370369 0.09765625 0.07844328703703703
128 0.66796875 0.8057291666666666 0.0828125 0.08928240740740741
128 0.521875 0.815167824074074 0.078125 0.08275462962962976