37 0.7284664351851852 0.9334505208333332 0.12152199074074073 0.13309895833333343
28 0.9038020833333335 0.11848958333333333 0.06353009259259253 0.07092013888888889
178 0.5081249999999999 0.13781249999999998 0.06756365740740744 0.07960069444444447
137 0.24340856481481482 0.14052083333333334 0.06749421296296294 0.07491319444444447
102 0.9756712962962963 0.25446180555555553 0.048657407407407406 0.07458333333333336
102 0.905011574074074 0.2528472222222222 0.06510416666666644 0.07173611111111108
102 0.7198668981481482 0.24951388888888887 0.06279513888888885 0.07402777777777772
102 0.6464525462962963 0.24944444444444444 0.06281828703703703 0.0755902777777778
102 0.24496527777777777 0.2983159722222222 0.06670138888888885 0.07411458333333334
102 0.15591435185185185 0.2971180555555556 0.06593171296296294 0.07487847222222221
102 0.33330439814814816 0.30418402777777775 0.06515046296296294 0.07486111111111109
53 0.9428153935185186 0.48883680555555553 0.11436921296296276 0.13623263888888887
3 0.48169560185185184 0.6206597222222222 0.11596064814814806 0.13065972222222227
32 0.23716435185185186 0.6152256944444444 0.12070601851851848 0.13467013888888885
102 0.725480324074074 0.6284201388888888 0.11910879629629641 0.13229166666666678
177 0.043541666666666666 0.6195138888888889 0.07002314814814814 0.08746527777777775
53 0.9456278935185185 0.7630729166666667 0.10874421296296291 0.13619791666666678