137 0.05390625 0.15 0.0640625 0.16015625
137 0.05390625 0.49765625 0.07109375 0.15390625
155 0.22265625 0.21875 0.06640625 0.15625
155 0.3703125 0.2203125 0.06484375 0.15390625
66 0.4640625 0.22265625 0.06484375 0.1484375
155 0.6140625 0.21953125 0.06484375 0.16328125
102 0.2125 0.709375 0.065625 0.146875
53 0.35 0.709375 0.06796875 0.1515625
28 0.49296875 0.71015625 0.06796875 0.16015625
141 0.63046875 0.70703125 0.071875 0.159375
66 0.8109375 0.1703125 0.06875 0.15625
137 0.809375 0.496875 0.0671875 0.1515625
142 0.81171875 0.7828125 0.07109375 0.15234375
32 0.95234375 0.3328125 0.0671875 0.15546875