55 0.3249189814814815 0.6343576388888889 0.03822916666666672 0.05005208333333329
1 0.3890393518518519 0.6396875 0.039861111111111125 0.054774305555555715
55 0.7820891203703704 0.6538888888888889 0.03905671296296287 0.0531944444444445
12 0.7535995370370371 0.6813715277777778 0.04298611111111121 0.05484375000000004
12 0.5575636574074074 0.6809201388888889 0.044513888888888783 0.05253472222222229
123 0.4602951388888889 0.757638888888889 0.019212962962962977 0.03166666666666664
62 0.9462905092592593 0.7723437499999999 0.04468749999999986 0.06425347222222229
112 0.32999999999999996 0.7664583333333332 0.03821759259259263 0.049270833333333285
64 0.8357233796296295 0.7948784722222222 0.047800925925925955 0.06354166666666661
42 0.7949305555555556 0.8353645833333335 0.05071759259259245 0.049548611111111286
42 0.6019733796296296 0.831857638888889 0.04991319444444446 0.047968750000000074
42 0.7308796296296297 0.8347222222222221 0.050729166666666714 0.05032986111111128
42 0.5379224537037037 0.8312152777777779 0.053049768518518545 0.04881944444444457
42 0.6668287037037037 0.8340798611111111 0.050706018518518546 0.04876736111111128
53 0.9474652777777777 0.9043576388888889 0.04157407407407412 0.06496527777777779
42 0.6655381944444445 0.9051215277777779 0.05147569444444446 0.04800347222222214
42 0.6030381944444445 0.9037326388888889 0.04995949074074062 0.05109375000000007
42 0.7311863425925926 0.9081423611111111 0.04755787037037038 0.047135416666666784
42 0.5389988425925927 0.9038715277777778 0.04991319444444429 0.047968750000000074
42 0.7976851851851852 0.9158680555555556 0.0697800925925927 0.07105902777777758
55 0.5824710648148148 0.14805555555555555 0.04067708333333329 0.05713541666666666
53 0.9380324074074075 0.1622048611111111 0.04472222222222229 0.0665972222222222
55 0.31626157407407407 0.15541666666666668 0.03818287037037038 0.04692708333333333
59 0.3811400462962963 0.15920138888888888 0.03668981481481479 0.051579861111111125
55 0.7757407407407408 0.17265625 0.03747106481481488 0.051597222222222204
12 0.7457118055555556 0.20166666666666666 0.03832175925925938 0.05630208333333338
12 0.5520196759259258 0.2012673611111111 0.046076388888888785 0.052569444444444446
123 0.45241898148148146 0.2787152777777778 0.021498842592592736 0.027812499999999928
62 0.9407465277777778 0.29269097222222223 0.04310185185185169 0.06265625000000004
112 0.3229398148148148 0.28989583333333335 0.03675925925925929 0.05626736111111112
180 0.17055555555555557 0.02019097222222222 0.045798611111111144 0.033819444444444444
64 0.8255150462962962 0.31668402777777777 0.044652777777777784 0.0619097222222222
42 0.596383101851852 0.3490798611111111 0.04995949074074062 0.05109375000000007
42 0.7878240740740741 0.3556770833333333 0.053038194444444464 0.04803819444444439
42 0.5300115740740741 0.3499479166666667 0.04987847222222221 0.045624999999999985
42 0.723761574074074 0.35425347222222225 0.04758101851851855 0.048697916666666605
42 0.6581481481481481 0.35357638888888887 0.05151041666666671 0.05034722222222223
42 0.531076388888889 0.4218229166666667 0.05383101851851855 0.04883680555555543
42 0.7240451388888889 0.4261111111111111 0.049131944444444284 0.047951388888888856
42 0.659224537037037 0.4262326388888889 0.050694444444444466 0.047986111111111104
42 0.5959548611111111 0.4256076388888889 0.05146412037037038 0.047222222222222145
42 0.7905787037037036 0.43618055555555557 0.07137731481481495 0.0734375
59 0.1943947359375 0.4810338359375 0.1434320921875 0.47990133281249997 0.1443875609375 0.544395496875 0.1953502046875 0.545528 0.1943947359375 0.4810338359375
136 0.020827546296296295 0.5096701388888889 0.027453703703703702 0.06074652777777771
95 0.1070218359375 0.4842753328125 0.0668781578125 0.48338325156249995 0.06771843281249999 0.5401017984375 0.1078621109375 0.5409938796875 0.1070218359375 0.4842753328125
55 0.5896238425925926 0.6308680555555556 0.03833333333333329 0.057083333333333285
53 0.9436226851851852 0.6449826388888888 0.047008101851852044 0.06274305555555557
53 0.9387962962962962 0.42463541666666665 0.04544560185185205 0.06270833333333332