87 0.05437499999999999 0.08034143518518519 0.062118055555555565 0.06479745370370368
125 0.0024001736111111107 0.18938657407407405 0.0048003472222222215 0.04982638888888893
125 0.2478472222222222 0.20234953703703704 0.03489583333333339 0.04857638888888891
125 0.5627604166666667 0.2171122685185185 0.030104166666666644 0.04598958333333334
96 0.22123263888888892 0.04357638888888889 0.05206597222222218 0.06661458333333334
1 0.21743055555555557 0.14674189814814814 0.0483680555555555 0.07109953703703704
64 0.00671875 0.2498263888888889 0.0134375 0.04965277777777777
74 0.19692708333333334 0.30855324074074075 0.03642361111111114 0.0478761574074074
28 0.05684027777777778 0.3420081018518519 0.06913194444444444 0.08230902777777782
31 0.32109375 0.3690219907407407 0.06397569444444447 0.08905671296296296
55 0.18510416666666668 0.41600115740740745 0.04324652777777773 0.07862847222222218
87 0.6241145833333334 0.10518518518518519 0.06487847222222225 0.07429398148148145
96 0.7922916666666666 0.07396990740740741 0.05604166666666668 0.06837962962962965
1 0.7879166666666666 0.1724074074074074 0.053125 0.07290509259259256
64 0.5694270833333334 0.27853587962962967 0.030312499999999964 0.05067708333333334
28 0.6259027777777778 0.3644675925925926 0.06526041666666664 0.08288773148148154
31 0.8940972222222221 0.3909027777777778 0.06826388888888886 0.09785300925925924
74 0.7690104166666666 0.33351851851851855 0.036527777777777715 0.05021990740740741
55 0.7580034722222223 0.4402256944444445 0.04253472222222214 0.08015046296296298
125 0.8207118055555555 0.22735532407407408 0.02864583333333357 0.048252314814814845
81 0.04151041666666667 0.8454976851851852 0.07652777777777778 0.10841435185185197
17 0.171875 0.8546064814814816 0.08276041666666663 0.12588541666666658
14 0.4936805555555555 0.8728587962962961 0.09006944444444435 0.13250000000000028
14 0.8436458333333334 0.8917881944444443 0.08623263888888885 0.13385995370370374
45 0.6686805555555555 0.8819328703703704 0.08520833333333329 0.12835069444444436
45 0.3319965277777778 0.8636921296296297 0.08180555555555555 0.1219386574074072