102 0.82421875 0.18515625 0.05625 0.11953125
3 0.53671875 0.459375 0.05390625 0.1265625
102 0.8265625 0.4609375 0.05546875 0.12421875
3 0.0609375 0.46328125 0.05546875 0.1234375
102 0.20625 0.46484375 0.05078125 0.12265625
53 0.925 0.46875 0.05390625 0.125
97 0.67109375 0.72421875 0.0484375 0.11953125
102 0.82265625 0.7359375 0.053125 0.1171875
140 0.92265625 0.73828125 0.05546875 0.1265625
102 0.56875 0.7390625 0.0546875 0.11796875
53 0.26171875 0.8234375 0.04921875 0.1421875
140 0.15078125 0.828125 0.05703125 0.12109375
97 0.14921875 0.09921875 0.04765625 0.1234375
128 0.20625 0.10078125 0.0515625 0.1203125
128 0.66875 0.16953125 0.0546875 0.1234375
102 0.571875 0.17890625 0.05703125 0.128125