109 0.09391203703703703 0.29880208333333336 0.05798032407407407 0.13065972222222227
102 0.7642013888888888 0.33171875 0.05076388888888879 0.10534722222222222
95 0.2922106481481482 0.5373784722222222 0.056956018518518545 0.09781250000000004
55 0.7625231481481481 0.5582812500000001 0.059432870370370414 0.1158854166666666
64 0.830486111111111 0.5620833333333334 0.05627314814814817 0.11105902777777779
178 0.0882986111111111 0.5290972222222223 0.08851273148148149 0.14060763888888878
3 0.5234548611111112 0.5484375 0.05701967592592592 0.10640625000000004
32 0.4171990740740741 0.5444965277777778 0.05859953703703695 0.10881944444444436
58 0.8002314814814815 0.7428298611111112 0.0641435185185184 0.11921874999999993
28 0.522800925925926 0.8477256944444445 0.06017939814814817 0.11123263888888886
180 0.36862268518518515 0.13907986111111112 0.04438657407407405 0.08788194444444448