109 0.12734375 0.27734375 0.05 0.10078125
100 0.6484375 0.3296875 0.0859375 0.1203125
142 0.95625 0.33828125 0.07890625 0.128125
136 0.22734375 0.3390625 0.06875 0.1203125
55 0.50859375 0.33984375 0.078125 0.11796875
59 0.34765625 0.340625 0.071875 0.1046875
137 0.04609375 0.4328125 0.07265625 0.10390625
137 0.8140625 0.58046875 0.0671875 0.10546875
55 0.5109375 0.58203125 0.07578125 0.10859375
137 0.51171875 0.76875 0.07109375 0.09765625
131 0.95546875 0.78515625 0.08359375 0.121875
53 0.08515625 0.85625 0.078125 0.11640625
3 0.30625 0.859375 0.0734375 0.1171875
102 0.19765625 0.8625 0.07578125 0.1140625
130 0.81796875 0.109375 0.078125 0.134375
55 0.81328125 0.34375 0.084375 0.1140625