96 0.51328125 0.1671875 0.06953125 0.0734375
59 0.51171875 0.278125 0.0515625 0.0625
125 0.61640625 0.31015625 0.04765625 0.05078125
125 0.178125 0.31171875 0.04453125 0.05
95 0.625 0.0375 0.07578125 0.05625
112 0.803125 0.3796875 0.0703125 0.075
55 0.36484375 0.38046875 0.0703125 0.07578125
112 0.2171875 0.38046875 0.06484375 0.0734375
55 0.65625 0.38359375 0.06875 0.07421875
59 0.51171875 0.49375 0.05703125 0.06328125
123 0.17734375 0.5359375 0.046875 0.05
123 0.6171875 0.53671875 0.0453125 0.05234375
12 0.51171875 0.6078125 0.0515625 0.05078125
55 0.36171875 0.6359375 0.07265625 0.075
55 0.6546875 0.6359375 0.06875 0.075
123 0.17734375 0.759375 0.046875 0.04921875
123 0.615625 0.76015625 0.0484375 0.05390625
11 0.73046875 0.82890625 0.06484375 0.06953125
11 0.29296875 0.82890625 0.06328125 0.06640625
180 0.096875 0.11484375 0.046875 0.04921875