37 0.7052083333333334 0.9250115740740741 0.1302083333333332 0.1424768518518519
28 0.9330729166666668 0.07010416666666666 0.06831597222222215 0.07362847222222221
178 0.5179398148148148 0.09287615740740741 0.07256944444444446 0.0830613425925926
137 0.24105902777777777 0.09737268518518519 0.07236689814814809 0.07759259259259262
102 0.9841435185185186 0.21078125 0.019241898148148095 0.07680555555555557
102 0.9271122685185185 0.20993634259259258 0.06990740740740727 0.07443287037037036
102 0.7333043981481482 0.20862847222222225 0.06686921296296297 0.07673032407407412
102 0.656712962962963 0.20827546296296298 0.06773726851851851 0.07908564814814811
102 0.2341435185185185 0.2629861111111111 0.07155671296296298 0.07679976851851852
102 0.1403935185185185 0.2615972222222222 0.07080439814814814 0.07756944444444444
102 0.32618634259259255 0.26825810185185184 0.0692418981481481 0.07754629629629628
53 0.9383391203703704 0.45554976851851847 0.09577546296296298 0.1404050925925926
3 0.4640625 0.5978240740740741 0.12447916666666661 0.1353645833333335
32 0.2085648148148148 0.5948206018518519 0.12931134259259255 0.13934027777777763
102 0.7186631944444445 0.6039409722222222 0.12769097222222214 0.13775462962962964
177 0.02177372685185185 0.5996932870370371 0.0435474537037037 0.09157407407407411
53 0.9285300925925926 0.7414988425925927 0.09421296296296297 0.14038194444444443