32 0.11703125 0.25859375 0.08696180555555558 0.1472858796296296
6 0.25972222222222224 0.32058449074074075 0.09123263888888893 0.1379803240740741
137 0.5226909722222223 0.5207291666666667 0.0858680555555555 0.14024305555555544
161 0.633576388888889 0.6058622685185184 0.03953124999999993 0.06382523148148138
63 0.9763628472222223 0.6029050925925926 0.04727430555555543 0.12840856481481477
102 0.2743576388888889 0.6322916666666666 0.0866493055555555 0.1402546296296297
3 0.1315625 0.6383159722222222 0.09506944444444443 0.13647569444444443
102 0.6858680555555555 0.6918634259259259 0.0882118055555555 0.14027777777777786
53 0.5312847222222222 0.6964988425925925 0.081111111111111 0.1386111111111111
74 0.8282291666666666 0.6936631944444445 0.084097222222222 0.13553240740740743
28 0.9815364583333335 0.8021122685185185 0.036927083333333145 0.1315104166666668
87 0.2857291666666667 0.9057407407407407 0.09123263888888893 0.13798032407407418
37 0.14385416666666667 0.9148784722222223 0.08786458333333336 0.13246527777777786
137 0.5963715277777778 0.1381365740740741 0.09586805555555564 0.15444444444444444
137 0.2536458333333333 0.14868634259259259 0.09003472222222228 0.12859374999999998
33 0.8748090277777777 0.1410474537037037 0.07739583333333329 0.1252835648148148
90 0.4788541666666667 0.15004050925925924 0.06177083333333329 0.08991898148148145
36 0.7351388888888889 0.14702546296296298 0.0871180555555556 0.13323495370370372