132 0.10078125 0.05546875 0.03046875 0.06484375
171 0.02421875 0.5 0.0421875 0.0875
96 0.1328125 0.5 0.04453125 0.08828125
125 0.2671875 0.18125 0.02734375 0.0515625
59 0.209375 0.49609375 0.04765625 0.09765625
64 0.2984375 0.246875 0.03203125 0.0703125
125 0.26640625 0.6234375 0.028125 0.05
123 0.47421875 0.1890625 0.03203125 0.0671875
123 0.4734375 0.628125 0.03125 0.06171875
128 0.5390625 0.7109375 0.04375 0.08828125
128 0.53828125 0.28203125 0.0421875 0.08515625
158 0.6734375 0.16875 0.04609375 0.0875
36 0.75078125 0.3140625 0.04921875 0.1
33 0.68125 0.52109375 0.05078125 0.1015625
34 0.8265625 0.52265625 0.0515625 0.103125
27 0.8265625 0.70078125 0.05078125 0.10234375
63 0.68125 0.70234375 0.0484375 0.096875
162 0.93671875 0.103125 0.0703125 0.1390625
171 0.82734375 0.8859375 0.0453125 0.0859375