32 0.028940972222222215 0.18435763888888887 0.04380787037037037 0.13440972222222225
33 0.7252662037037038 0.1573263888888889 0.07936921296296298 0.11651041666666666
137 0.5943402777777778 0.16862847222222224 0.08157986111111111 0.12751736111111112
137 0.4110763888888889 0.5128125 0.08222800925925924 0.13845486111111108
3 0.05021412037037036 0.5962152777777778 0.037094907407407396 0.12631944444444443
102 0.1624884259259259 0.600625 0.09647569444444448 0.14220486111111122
63 0.9717259837962964 0.6055729166666667 0.056548032407407335 0.13539930555555557
74 0.7837326388888889 0.7077430555555555 0.08470486111111111 0.12765625000000008
53 0.4269328703703703 0.7275173611111111 0.08171874999999992 0.12986111111111107
102 0.559837962962963 0.7231770833333334 0.08094328703703706 0.14307291666666658
28 0.9792607060185186 0.8093402777777777 0.04147858796296298 0.14008680555555558
37 0.05965856481481481 0.8613368055555556 0.024693287037037038 0.14057291666666671
87 0.1739988425925926 0.8609548611111112 0.08796875000000001 0.13013888888888872
142 0.4425578703703703 0.9383159722222221 0.07637152777777771 0.09222222222222243
137 0.14272569444444444 0.17460069444444443 0.08553819444444444 0.14171874999999998
36 0.5265162037037037 0.0815625 0.04193865740740747 0.0634201388888889
90 0.39718749999999997 0.1726909722222222 0.057667824074074045 0.09217013888888888