109 0.18055555555555552 0.07854166666666666 0.04454861111111112 0.10906250000000002
177 0.2805902777777778 0.08364583333333334 0.05333333333333332 0.08312499999999998
3 0.2070659722222222 0.46994791666666663 0.047361111111111145 0.09520833333333342
102 0.32185763888888885 0.4799479166666666 0.04720486111111111 0.08817708333333343
137 0.3186979166666667 0.65734375 0.04640624999999998 0.08734374999999997
137 0.2348263888888889 0.8403124999999999 0.04894097222222218 0.09609375
137 0.3925 0.8570833333333333 0.049565972222222233 0.08911458333333329
137 0.5441666666666667 0.8625 0.051267361111111145 0.09546874999999985
83 0.4613368055555555 0.8577604166666667 0.049670138888888896 0.09380208333333329
83 0.31371527777777775 0.8463541666666666 0.04802083333333336 0.08979166666666671
144 0.48588541666666674 0.6684895833333333 0.04250000000000007 0.08708333333333336
144 0.48673611111111104 0.489375 0.044878472222222146 0.08880208333333339
144 0.5923263888888889 0.6317708333333333 0.045486111111111074 0.08104166666666668
144 0.7229166666666667 0.740625 0.03779513888888886 0.08598958333333329
144 0.8033506944444445 0.7475520833333333 0.04314236111111107 0.08088541666666664
144 0.7986979166666666 0.8865104166666666 0.040746527777777784 0.07838541666666679
144 0.7205034722222222 0.8844270833333333 0.04468750000000003 0.08020833333333358
53 0.14069444444444446 0.8160416666666667 0.04814236111111114 0.09526041666666671
53 0.021510416666666664 0.694375 0.04302083333333333 0.09156249999999985
144 0.957170138888889 0.76171875 0.043315972222222145 0.08869791666666664
139 0.9541319444444444 0.8984375 0.050277777777778 0.08604166666666657
107 0.7679861111111111 0.61375 0.05119791666666664 0.09234375000000003