171 0.03884837962962963 0.22167245370370373 0.06108796296296296 0.12384259259259256
136 0.21957754629629628 0.2555034722222222 0.08770833333333332 0.1552777777777778
59 0.3523900462962963 0.25451967592592595 0.1059490740740741 0.17571759259259262
137 0.7940451388888888 0.4067766203703703 0.13446759259259267 0.198576388888889
148 0.3358043981481481 0.5375636574074074 0.07981481481481474 0.15365740740740746
148 0.7491782407407407 0.626724537037037 0.08470486111111111 0.15759837962962955
32 0.6331365740740742 0.6346180555555556 0.08960648148148138 0.14670138888888892
148 0.9468518518518518 0.6557407407407407 0.08470486111111128 0.15759837962962955
171 0.49688078703703703 0.8857233796296295 0.07576967592592591 0.12082754629629662
53 0.7808912037037038 0.13802083333333331 0.10776620370370367 0.1655787037037037
55 0.5397627314814815 0.2054571759259259 0.118611111111111 0.1789351851851852