100 0.41484375 0.20322916666666666 0.09157986111111108 0.15536458333333333
100 0.5972222222222221 0.31234375 0.09097222222222215 0.15765624999999997
137 0.8026909722222222 0.29864583333333333 0.04759837962962976 0.08635416666666665
3 0.039720775462962966 0.4969270833333333 0.07944155092592593 0.14776041666666656
102 0.26351273148148147 0.48307291666666663 0.05251736111111107 0.08979166666666671
102 0.8271122685185185 0.49369791666666674 0.053587962962962976 0.09375
53 0.43614004629629627 0.7553124999999999 0.09826388888888893 0.15114583333333337
7 0.9216724537037037 0.8123437499999999 0.037673611111111074 0.1517708333333335
171 0.8334780092592592 0.8275520833333333 0.0567418981481481 0.10484375000000021
102 0.7444444444444445 0.8435937500000001 0.06814236111111108 0.11182291666666658
100 0.6140914351851852 0.07572916666666667 0.09308449074074084 0.15145833333333333
137 0.819212962962963 0.06510416666666667 0.0504918981481481 0.08343750000000001