176 0.4527025462962963 0.17594328703703704 0.07619791666666664 0.09896412037037035
136 0.3277835648148148 0.17657986111111112 0.07669560185185187 0.09350115740740739
125 0.12767939814814816 0.3086400462962963 0.04267939814814814 0.05498263888888886
1 0.3324710648148148 0.3874710648148148 0.06687500000000002 0.08483796296296298
171 0.32570601851851855 0.04614583333333333 0.0912557870370371 0.08814236111111111
123 0.13936921296296295 0.5039641203703704 0.04633101851851853 0.06516203703703702
102 0.6044212962962963 0.5566087962962962 0.0678182870370371 0.08796874999999993
74 0.19688078703703704 0.5738946759259258 0.048553240740740744 0.06283564814814824
55 0.4382928240740741 0.6209780092592593 0.06267361111111107 0.09417824074074073
55 0.3540798611111111 0.6234780092592592 0.06653935185185186 0.09342592592592602
55 0.26740162037037035 0.6236168981481482 0.06517939814814815 0.09732060185185176
148 0.9638093171296298 0.6303414351851852 0.07238136574074047 0.10675347222222217
102 0.6139583333333334 0.6652314814814815 0.0670775462962963 0.08874421296296298
50 0.7782002314814815 0.7000289351851852 0.07940393518518522 0.10054976851851852
9 0.5624826388888888 0.8171354166666667 0.07697916666666664 0.09896990740740748
63 0.2617418981481482 0.8156886574074076 0.07533564814814815 0.09739583333333357
53 0.3758449074074074 0.8173148148148147 0.07537615740740744 0.09817708333333357
179 0.1568287037037037 0.9461111111111112 0.08331018518518518 0.10057870370370381
28 0.316244212962963 0.9480729166666666 0.07685763888888886 0.09662615740740747
87 0.642806712962963 0.950491898148148 0.07669560185185169 0.09350115740740747
29 0.4717534722222222 0.950005787037037 0.08162615740740745 0.0982233796296299
180 0.025462962962962965 0.14466435185185184 0.04055555555555555 0.08932870370370369