180 0.02450810185185185 0.025671296296296296 0.048234953703703703 0.05131944444444445
171 0.08006365740740742 0.2494849537037037 0.047540509259259255 0.08403935185185185
88 0.11223958333333335 0.4733854166666667 0.05526620370370372 0.0725752314814816
28 0.2889756944444445 0.3757233796296296 0.08645833333333339 0.13586226851851854
137 0.5504050925925925 0.37957175925925923 0.07829861111111107 0.13094328703703706
29 0.7420428240740741 0.38836805555555554 0.07951388888888893 0.1263020833333334
33 0.4956886574074074 0.7458912037037038 0.11750578703703703 0.18667245370370367
35 0.6672743055555556 0.7470775462962964 0.11730324074074083 0.1944618055555555
139 0.8074652777777779 0.7980034722222222 0.047540509259259164 0.08403935185185193
87 0.14001736111111113 0.6800057870370371 0.05489004629629628 0.0990682870370371
87 0.8589409722222221 0.4721238425925926 0.04982638888888857 0.08332754629629627
36 0.19577546296296297 0.6013657407407408 0.04456018518518521 0.07537615740740744
34 0.294068287037037 0.7391377314814815 0.11348379629629637 0.184994212962963
139 0.9669270833333334 0.5618518518518518 0.047366898148148096 0.08169560185185176
28 0.9732711226851851 0.8204456018518519 0.05345775462962976 0.13096643518518505
163 0.45188078703703705 0.3018171296296296 0.04392361111111107 0.0878298611111111
163 0.3813368055555556 0.6965104166666667 0.04050925925925926 0.08383101851851862
163 0.5716724537037037 0.6982523148148149 0.04340277777777786 0.08079861111111111
163 0.7336805555555556 0.7069502314814814 0.040625 0.08539351851851862