123 0.44609375 0.21484375 0.01953125 0.0625
123 0.35546875 0.22265625 0.0203125 0.0578125
57 0.2783365578125 0.43783433125000004 0.32871695624999997 0.43783433125000004 0.32871695624999997 0.2636427140625 0.2783365578125 0.2636427140625 0.2783365578125 0.43783433125000004
59 0.425 0.35234375 0.05078125 0.171875
176 0.134375 0.3546875 0.05390625 0.16640625
50 0.6453125 0.35625 0.05390625 0.1703125
3 0.21328125 0.35703125 0.053125 0.1671875
180 0.08515625 0.04375 0.0203125 0.059375
27 0.51640625 0.753125 0.05078125 0.1609375
179 0.28359375 0.75546875 0.04921875 0.16015625
28 0.43828125 0.75546875 0.05234375 0.165625
86 0.3625 0.7578125 0.05 0.1609375
132 0.10546875 0.09921875 0.01875 0.059375
171 0.03125 0.35390625 0.053125 0.184375