3 0.3546875 0.23359375 0.07421875 0.18203125
102 0.52578125 0.23671875 0.0796875 0.1765625
137 0.70078125 0.2375 0.0796875 0.17890625
102 0.884375 0.353125 0.07734375 0.17734375
129 0.24765625 0.4984375 0.03046875 0.071875
177 0.06171875 0.50703125 0.05390625 0.13203125
6 0.18984375 0.515625 0.07578125 0.175
63 0.8875 0.60390625 0.07734375 0.1640625
102 0.5265625 0.76015625 0.078125 0.17265625
53 0.6984375 0.76171875 0.08203125 0.165625
3 0.353125 0.7640625 0.0765625 0.1796875
180 0.14921875 0.08984375 0.040625 0.090625