177 0.4019502314814815 0.046545138888888886 0.05859953703703695 0.04864583333333333
109 0.44335648148148155 0.04899884259259259 0.03828703703703695 0.047442129629629626
171 0.4924537037037037 0.054259259259259264 0.07364583333333333 0.053431712962962966
122 0.06475694444444444 0.15664930555555556 0.06614583333333335 0.07401620370370372
27 0.16171296296296295 0.1608275462962963 0.07522569444444445 0.08390046296296294
98 0.25924768518518515 0.16895833333333332 0.06865162037037038 0.07728009259259264
150 0.35768518518518516 0.17479166666666668 0.0709143518518518 0.07585648148148146
136 0.4842476851851852 0.18229166666666666 0.0662268518518518 0.07557870370370372
22 0.6208449074074075 0.19273726851851852 0.07444444444444435 0.0838541666666667
86 0.7187847222222222 0.19305555555555556 0.06967592592592595 0.08201388888888891
28 0.8218287037037036 0.20072916666666668 0.07452546296296311 0.0854166666666667
63 0.9203472222222222 0.205 0.07280092592592595 0.08219907407407412
112 0.6548784722222222 0.44317129629629626 0.07271990740740737 0.08063657407407412
112 0.3004340277777778 0.4174652777777778 0.07255787037037038 0.07751157407407412
74 0.09904513888888888 0.4172858796296296 0.06848958333333335 0.07415509259259263
74 0.8508912037037037 0.45635416666666667 0.07193865740740754 0.08059027777777779
55 0.21787615740740743 0.42276041666666675 0.03413773148148156 0.04252314814814824
55 0.7354687500000001 0.4455960648148148 0.03828703703703695 0.04744212962962955
96 0.3046122685185185 0.2915451388888889 0.07378472222222224 0.08615162037037045
1 0.4378993055555556 0.48673611111111115 0.06795138888888878 0.0787962962962963
1 0.5050462962962963 0.4914988425925927 0.06955439814814816 0.07967013888888878
176 0.4762789351851852 0.35108796296296296 0.07033564814814816 0.07971643518518512
64 0.8391724537037037 0.6672453703703705 0.07099537037037038 0.07741898148148145
64 0.09702546296296297 0.6224826388888889 0.07514467592592593 0.08233796296296311
74 0.7824594907407407 0.8088599537037038 0.07123842592592596 0.08210648148148145
74 0.8770717592592593 0.8128993055555555 0.07374421296296277 0.0853703703703701
55 0.6332407407407408 0.8000173611111112 0.043634259259259164 0.04542245370370353
166 0.4600925925925926 0.6330266203703704 0.07522569444444435 0.08390046296296294
74 0.0424537037037037 0.7681423611111111 0.07091435185185185 0.07585648148148146
74 0.13784722222222223 0.7722280092592593 0.07041666666666666 0.08127893518518511
55 0.28163773148148147 0.7799652777777778 0.03824652777777775 0.046660879629629545
137 0.45578124999999997 0.7464004629629629 0.07025462962962958 0.07815393518518512
47 0.3825405092592592 0.78359375 0.07061921296296295 0.08518518518518511
10 0.4488020833333334 0.8658854166666667 0.07358217592592595 0.0822453703703701
56 0.44349537037037035 0.9629673032407406 0.07370370370370374 0.07406539351851862
123 0.6070659722222222 0.6096064814814814 0.030729166666666786 0.0368692129629629
123 0.012154224537037036 0.5835185185185185 0.024308449074074073 0.03774305555555557