59 0.35389467592592594 0.21015625 0.04568865740740744 0.078125
59 0.3629571759259259 0.6109375 0.048078703703703686 0.08125
176 0.21620949074074075 0.40859375 0.048090277777777767 0.08203125
176 0.49825231481481486 0.409375 0.04889467592592602 0.08359375
55 0.23166087962962964 0.81875 0.04965277777777777 0.08203125
55 0.505005787037037 0.8125 0.04812499999999993 0.084375
12 0.3679861111111111 0.7921875 0.050422453703703775 0.08125
123 0.16450810185185186 0.29375 0.03675925925925925 0.05546875
123 0.1737673611111111 0.7078125 0.034646990740740735 0.07109375
96 0.7509953703703703 0.59453125 0.047366898148148096 0.0859375
123 0.17780671296296297 0.98046875 0.031035879629629635 0.03828125
95 0.9392650462962961 0.57109375 0.12146990740740762 0.13828125