102 0.59609375 0.184375 0.034375 0.08671875
102 0.6015625 0.34921875 0.034375 0.0859375
102 0.596875 0.53359375 0.03515625 0.084375
102 0.6 0.69765625 0.0359375 0.0828125
102 0.703125 0.1828125 0.0359375 0.0828125
102 0.7015625 0.34921875 0.0328125 0.08046875
102 0.7015625 0.53125 0.0328125 0.0796875
102 0.7 0.69453125 0.03359375 0.08203125
3 0.40859375 0.25859375 0.0546875 0.1390625
32 0.24140625 0.26171875 0.0546875 0.13515625
137 0.23828125 0.65546875 0.0609375 0.14921875
180 0.15390625 0.06875 0.0265625 0.06484375
53 0.89609375 0.3015625 0.05234375 0.109375
53 0.90078125 0.65078125 0.0515625 0.109375
171 0.075 0.5734375 0.04921875 0.12421875