180 0.05333333333333333 0.08324652777777777 0.029218750000000005 0.053472222222222233
58 0.5708854166666667 0.15141782407407406 0.058072916666666606 0.10147569444444442
136 0.9355208333333334 0.18156828703703703 0.06265624999999986 0.11192129629629632
22 0.9303125 0.35390625 0.058229166666666644 0.10381944444444446
125 0.8277604166666667 0.34945023148148147 0.027395833333333286 0.04945023148148149
125 0.11364583333333333 0.297337962962963 0.02718750000000001 0.04632523148148149
1 0.4646354166666667 0.3673032407407407 0.04645833333333336 0.0671875
112 0.14552083333333335 0.38449074074074074 0.04682291666666667 0.07265625
112 0.7890625 0.43530092592592595 0.04427083333333322 0.06935763888888893
171 0.48713541666666665 0.06513310185185187 0.16630208333333343 0.06906828703703702
123 0.09770833333333333 0.5481770833333334 0.02468750000000002 0.04380787037037024
123 0.8123958333333332 0.6034722222222222 0.027291666666666714 0.04788773148148149
55 0.6795726296875 0.589151696875 0.6545726296875001 0.5872998453125 0.651424325 0.634524421875 0.6764243249999999 0.6363762734375 0.6795726296875 0.589151696875
55 0.24151041666666667 0.5815972222222222 0.03046875 0.04890046296296298
68 0.9102083333333333 0.7025752314814815 0.061406249999999926 0.10483217592592595
42 0.5727083333333333 0.6775752314814815 0.05140625000000014 0.07144097222222215
42 0.31468749999999995 0.6616030092592593 0.055312499999999966 0.07173032407407405
128 0.13052083333333334 0.809693287037037 0.059791666666666646 0.10393518518518512
128 0.7541666666666667 0.864525462962963 0.05744791666666664 0.10376157407407405
42 0.30328125 0.85625 0.05526041666666668 0.07094907407407405
42 0.56015625 0.877633101851852 0.054322916666666644 0.06854745370370381
140 0.8972395833333333 0.9206597222222221 0.059114583333333214 0.10543981481481453