100 0.5234664351851851 0.25883680555555555 0.09510995370370381 0.1468460648148148
102 0.6703125 0.2672337962962963 0.09438657407407405 0.1483680555555556
3 0.2546585648148148 0.24646412037037035 0.09175347222222215 0.1404340277777778
102 0.3726273148148148 0.25258101851851855 0.09097222222222223 0.1403935185185185
141 0.8452835648148149 0.27708912037037037 0.10836226851851834 0.1467534722222222
137 0.49782986111111105 0.4649363425925926 0.08984375 0.10992476851851851
62 0.7346064814814814 0.4967824074074073 0.08559027777777786 0.10034722222222214
68 0.8522569444444444 0.786238425925926 0.1245081018518519 0.14057291666666671
102 0.6806423611111111 0.7914293981481482 0.09887152777777786 0.14314236111111106
141 0.5118344907407407 0.7842418981481482 0.11006944444444447 0.15074074074074062
102 0.3250868055555555 0.7753414351851852 0.10002893518518512 0.13228587962962948
87 0.934866898148148 0.16197337962962965 0.054918981481481666 0.09329861111111111