137 0.04765625 0.40703125 0.0578125 0.140625
137 0.19921875 0.40546875 0.05703125 0.14296875
137 0.50625 0.4015625 0.05546875 0.13046875
137 0.78203125 0.403125 0.05625 0.13828125
102 0.33359375 0.6140625 0.05625 0.13203125
38 0.3296875 0.16953125 0.05625 0.1390625
128 0.23828125 0.84453125 0.05859375 0.13828125
131 0.33125 0.84609375 0.06015625 0.1421875
53 0.4140625 0.8453125 0.059375 0.1359375
84 0.6234375 0.40546875 0.05546875 0.13671875
106 0.12734375 0.409375 0.06171875 0.1453125
144 0.7 0.39765625 0.05546875 0.13203125
10 0.33125 0.4296875 0.06015625 0.13984375
144 0.8640625 0.40390625 0.0546875 0.13359375
116 0.940625 0.390625 0.046875 0.1390625
53 0.1015625 0.85625 0.04765625 0.1203125
53 0.16484375 0.853125 0.04921875 0.109375