100 0.5171875 0.22265625 0.08515625 0.134375
102 0.65625 0.2234375 0.084375 0.1359375
3 0.26328125 0.22421875 0.08203125 0.128125
102 0.37421875 0.22421875 0.08203125 0.128125
141 0.821875 0.22421875 0.09765625 0.13359375
137 0.50078125 0.41875 0.08125 0.1
62 0.725 0.43671875 0.078125 0.090625
68 0.84609375 0.7046875 0.11328125 0.1265625
102 0.684375 0.71796875 0.0890625 0.13046875
141 0.52421875 0.71953125 0.09921875 0.1375
102 0.34765625 0.7203125 0.08984375 0.12109375
87 0.90234375 0.1109375 0.0484375 0.0859375