15 0.21911458333333336 0.19658564814814813 0.042604166666666644 0.05601851851851851
125 0.6530208333333334 0.28003472222222225 0.05036458333333336 0.05581597222222223
123 0.24911458333333333 0.2501157407407407 0.04265625000000002 0.05679976851851851
59 0.359144815625 0.314990059375 0.28828591875 0.3097412515625 0.2939514015625 0.394723490625 0.3648102984375 0.3999722984375 0.359144815625 0.314990059375
112 0.7698437499999999 0.38819444444444445 0.0768229166666666 0.09120370370370363
55 0.4927083333333334 0.370775462962963 0.08703125000000007 0.11605902777777768
137 0.38994791666666667 0.06542245370370371 0.07671875000000003 0.07798032407407407
95 1 0.5427340093749999 0.9844090218750001 0.541579121875 0.9896724906250001 0.6205311640625 1 0.6212961640625 1 0.5427340093749999
59 0.1328419703125 0.47496964375 0.0593297 0.469524290625 0.0651455671875 0.5567623015625001 0.1386578375 0.5622076546875 0.1328419703125 0.47496964375
28 0.4944210125 0.036623778125 0.49947873906250007 0.112489675 0.5753759781250001 0.11811169375 0.5703182515624999 0.042245796875000005 0.4944210125 0.036623778125
63 0.6829166666666666 0.08712384259259259 0.07359375000000004 0.07774884259259258
15 0.24380208333333334 0.5668981481481482 0.04229166666666666 0.05133101851851851
123 0.2747395833333333 0.622829861111111 0.04703125000000004 0.052459490740740834
125 0.6771874999999999 0.6541956018518518 0.048958333333333215 0.05804398148148149
136 0.11088541666666667 0.683767361111111 0.07416666666666667 0.08634259259259273
112 0.7947916666666666 0.7624131944444444 0.07026041666666671 0.08605324074074083
64 0.5152604166666667 0.7440393518518519 0.07718750000000014 0.10833333333333321
59 0.3824412453125 0.6949408046875 0.312096153125 0.68973005625 0.31735133437499996 0.768557765625 0.3876964265625 0.7737685140624999 0.3824412453125 0.6949408046875