37 0.3734375 0.28333912037037035 0.065625 0.12263888888888896
109 0.09921875 0.32068287037037035 0.0359375 0.08806712962962963
102 0.86953125 0.33362847222222225 0.0484375 0.09271412037037034
177 0.096875 0.5091030092592593 0.05 0.08733796296296284
58 0.87265625 0.4709432870370371 0.0625 0.10057870370370381
3 0.37421875 0.5637615740740741 0.0671875 0.12741898148148145
59 0.6046875 0.5501041666666666 0.07109375 0.13233796296296294
139 0.09765625 0.684056712962963 0.03984375 0.07345486111111121
64 0.8703125 0.6617071759259259 0.05546875 0.104068287037037
180 0.203125 0.062181712962962966 0.040625 0.06959490740740741
102 0.3734375 0.8333391203703704 0.0703125 0.12604166666666677