102 0.5857812499999999 0.19140625 0.04286458333333343 0.09300347222222224
102 0.5795312499999999 0.3673090277777778 0.04286458333333343 0.09300347222222224
102 0.56171875 0.5640798611111111 0.043489583333333394 0.09067708333333328
102 0.5539583333333333 0.7391666666666666 0.044166666666666646 0.0891319444444445
102 0.6999479166666667 0.1923784722222222 0.044166666666666646 0.08913194444444446
102 0.6865625 0.3696875 0.04010416666666679 0.08670138888888887
102 0.6736458333333333 0.5634375 0.04005208333333332 0.08592013888888879
102 0.6604166666666667 0.7384027777777777 0.041770833333333354 0.08829861111111122
3 0.37973958333333335 0.2658506944444444 0.06843750000000001 0.1489583333333333
32 0.20213541666666668 0.2658159722222222 0.0682291666666666 0.1458333333333334
137 0.17098958333333333 0.6860590277777778 0.07546875000000001 0.16081597222222221
180 0.12213541666666668 0.057482638888888896 0.03270833333333334 0.069375
53 0.8969791666666668 0.32350694444444444 0.0640625 0.11843750000000001
53 0.8768229166666666 0.6962673611111111 0.062447916666666714 0.11762152777777786
171 0.016627604166666667 0.5939062500000001 0.033255208333333335 0.13397569444444457