122 0.011831597222222223 0.8609375 0.023663194444444445 0.06484375
28 0.2715740740740741 0.96953125 0.04372106481481488 0.05078125
54 0.5645081018518519 0.971875 0.035815972222222214 0.04453125
63 0.7973611111111112 0.07265625 0.06194444444444436 0.06796875
125 0.6719791666666667 0.20390625 0.021487268518518475 0.0265625
123 0.2438310185185185 0.20546875 0.02071759259259256 0.02734375
58 0.6506944444444445 0.26953125 0.0724363425925926 0.090625
137 0.15383680555555554 0.32109375 0.06460069444444443 0.0890625
166 0.03269675925925926 0.32421875 0.06517361111111111 0.075
55 0.7974247685185185 0.33203125 0.077204861111111 0.09609375
101 0.5306192129629629 0.41171875 0.038113425925925884 0.04140625
59 0.7348900462962963 0.43984375 0.06117476851851862 0.06875
59 0.7364293981481481 0.44140625 0.055659722222222284 0.065625
52 0.3956423611111111 0.45234375 0.03642361111111114 0.0328125
3 0.015665509259259257 0.4578125 0.031331018518518515 0.0828125
102 0.300462962962963 0.49609375 0.049236111111111126 0.05390625
52 0.4945891203703704 0.5234375 0.03472222222222214 0.0234375
77 0.45546875 0.52734375 0.043489583333333394 0.03515625
57 0.24719465000000002 0.518540540625 0.2001068234375 0.518540540625 0.1993575421875 0.5691171171875 0.24644536874999998 0.5691171171875 0.24719465000000002 0.518540540625
3 0.11615162037037037 0.54453125 0.055775462962962985 0.0734375
52 0.4605844907407407 0.60390625 0.03788194444444439 0.02578125
52 0.38949074074074075 0.60390625 0.034768518518518476 0.0265625
77 0.4964641203703703 0.6078125 0.024155092592592454 0.0484375
100 0.058182870370370364 0.71328125 0.04539930555555556 0.05859375
52 0.39460069444444446 0.73359375 0.035515046296296315 0.02421875
52 0.5719675925925926 0.8375 0.026817129629629656 0.0171875
52 0.4828125 0.84375 0.03629629629629623 0.02421875
59 0.2780787037037037 0.846875 0.04530671296296296 0.05234375
77 0.4421296296296296 0.84765625 0.04111111111111114 0.0328125
110 0.5272511574074075 0.85 0.016111111111111142 0.0328125