102 0.2837673611111111 0.2913715277777778 0.08048611111111112 0.14598958333333334
3 0.17203125 0.29877314814814815 0.0837326388888889 0.15164351851851848
55 0.8342534722222222 0.2720138888888889 0.07581597222222207 0.1464930555555556
55 0.48421875 0.29431712962962964 0.07657986111111122 0.14575810185185184
12 0.6677777777777778 0.28500000000000003 0.07418402777777774 0.14327546296296295
177 0.03540798611111111 0.32415509259259256 0.07081597222222222 0.14019675925925928
132 0.15486111111111112 0.02328125 0.03793402777777777 0.0465625
55 0.8311805555555555 0.4102951388888889 0.07312500000000029 0.13072916666666662
55 0.8274305555555556 0.5439351851851851 0.07484375000000014 0.13785300925925908
128 0.5132416453124999 0.61143164375 0.44196202500000004 0.615655621875 0.438884096875 0.754162409375 0.5101637171875 0.74993843125 0.5132416453124999 0.61143164375
137 0.19861111111111113 0.7177372685185185 0.04833333333333334 0.10351273148148152
136 0.47472222222222216 0.12479166666666668 0.042204861111111214 0.07350115740740737
171 0.030516493055555555 0.5281076388888889 0.06103298611111111 0.12406249999999996