122 0.06484375 0.84296875 0.0546875 0.06015625
28 0.3234375 0.94296875 0.03984375 0.04765625
54 0.5953125 0.9453125 0.0328125 0.04140625
63 0.79921875 0.1125 0.05625 0.06328125
125 0.684375 0.234375 0.01953125 0.025
123 0.2875 0.23515625 0.01875 0.025
80 0.90546875 0.0265625 0.0390625 0.04375
58 0.665625 0.29453125 0.065625 0.084375
137 0.20625 0.3421875 0.05859375 0.08203125
166 0.09296875 0.3453125 0.059375 0.06953125
55 0.80234375 0.353125 0.0703125 0.0890625
101 0.55625 0.4265625 0.03515625 0.03828125
59 0.74609375 0.45234375 0.05546875 0.0640625
59 0.74765625 0.45390625 0.05078125 0.06015625
52 0.43125 0.4640625 0.03359375 0.0296875
3 0.06328125 0.46875 0.06171875 0.07734375
102 0.34453125 0.50390625 0.04453125 0.05
52 0.52421875 0.5296875 0.03203125 0.021875
77 0.48828125 0.5328125 0.03984375 0.0328125
57 0.251221428125 0.571909925 0.294878571875 0.571909925 0.294878571875 0.5250875734375 0.251221428125 0.5250875734375 0.251221428125 0.571909925
3 0.1734375 0.54921875 0.05078125 0.06796875
52 0.49375 0.60390625 0.03515625 0.02421875
52 0.428125 0.60390625 0.03203125 0.025
77 0.52734375 0.6078125 0.021875 0.04453125
100 0.121875 0.7046875 0.04140625 0.05390625
52 0.434375 0.72421875 0.03203125 0.02265625
52 0.6 0.82109375 0.025 0.015625
162 0.02265625 0.0828125 0.04375 0.06015625
52 0.51796875 0.8265625 0.03359375 0.02265625
59 0.328125 0.82890625 0.04140625 0.0484375
77 0.4796875 0.83046875 0.0375 0.03046875
110 0.559375 0.83203125 0.01484375 0.03046875