144 0.4828125 0.44609375 0.065625 0.10234375
102 0.33359375 0.44765625 0.05625 0.0796875
3 0.22109375 0.45234375 0.065625 0.08828125
107 0.75078125 0.54140625 0.05234375 0.0703125
144 0.58046875 0.571875 0.05078125 0.06796875
144 0.48046875 0.60390625 0.04609375 0.0859375
137 0.325 0.61015625 0.05390625 0.090625
144 0.78046875 0.6640625 0.04609375 0.0609375
144 0.71015625 0.6671875 0.05 0.05390625
144 0.92578125 0.671875 0.05703125 0.0765625
177 0.28515625 0.075 0.0640625 0.084375
53 0.16640625 0.76953125 0.04765625 0.08203125
137 0.5390625 0.78046875 0.04765625 0.0859375
109 0.1921875 0.07890625 0.04453125 0.1046875
83 0.46484375 0.78203125 0.04296875 0.08515625
83 0.328125 0.78515625 0.04609375 0.084375
137 0.253125 0.78515625 0.034375 0.06796875
137 0.39921875 0.78671875 0.04609375 0.07421875
144 0.7015625 0.79453125 0.06171875 0.05859375
144 0.78125 0.79921875 0.053125 0.0859375
53 0.0484375 0.65703125 0.05390625 0.0984375
105 0.92265625 0.79765625 0.04609375 0.07734375