137 0.2828125 0.20078125 0.08203125 0.1359375
137 0.48984375 0.20078125 0.04375 0.09375
180 0.19765625 0.03203125 0.03828125 0.0609375
179 0.9203125 0.36875 0.07734375 0.14765625
74 0.62890625 0.378125 0.08359375 0.13984375
160 0.82734375 0.37890625 0.0609375 0.11640625
171 0.05625 0.384375 0.0609375 0.10625
160 0.83125 0.6 0.06171875 0.1078125
59 0.27734375 0.6046875 0.08203125 0.14921875
74 0.63125 0.60703125 0.07890625 0.13828125
160 0.82890625 0.8046875 0.06171875 0.109375
74 0.62734375 0.809375 0.0828125 0.1390625