103 0.19601851851851854 0.0765625 0.10655092592592594 0.115625
3 0.35624421296296294 0.07890625 0.09402777777777782 0.11484375
102 0.5456076388888889 0.0890625 0.09873842592592581 0.115625
32 0.0811400462962963 0.23359375 0.09473958333333332 0.1125
37 0.20672453703703705 0.2796875 0.09159143518518516 0.11171875
137 0.3574594907407408 0.278125 0.09901620370370372 0.125
137 0.5216145833333333 0.28125 0.09689814814814816 0.10625
53 0.6583101851851852 0.28046875 0.081388888888889 0.11015625
53 0.7403182870370371 0.2796875 0.08391782407407397 0.11640625
141 0.8286689814814814 0.28203125 0.08692708333333314 0.1125
168 0.9374363425925925 0.340625 0.08407407407407419 0.0953125
136 0.08447337962962963 0.4515625 0.10788194444444443 0.1078125
22 0.0911111111111111 0.64921875 0.10023148148148149 0.11328125
137 0.4918981481481482 0.78125 0.09007523148148149 0.11328125
53 0.7079732015625 0.7262317671875 0.630340909375 0.7262317671875 0.6334844359375 0.8323257703125 0.711116728125 0.8323257703125 0.7079732015625 0.7262317671875
53 0.7574537037037038 0.77890625 0.08816550925925917 0.1015625
38 0.932673611111111 0.20625 0.08170717592592566 0.09453125
133 0.9279340277777777 0.07265625 0.08469328703703702 0.08984375