109 0.1163888888888889 0.2856655092592592 0.05307291666666667 0.10462962962962959
100 0.6480208333333334 0.3545775462962963 0.09022569444444457 0.12524884259259253
142 0.9564583333333335 0.3707523148148148 0.07479166666666685 0.13337962962962954
136 0.21732638888888892 0.3519791666666666 0.0730381944444444 0.12473958333333339
55 0.5048090277777778 0.36127893518518517 0.08236111111111111 0.12267361111111104
59 0.34072916666666664 0.3571990740740741 0.07579861111111112 0.10842592592592597
137 0.033776041666666666 0.44178240740740743 0.06755208333333333 0.10766782407407405
137 0.811857638888889 0.6158506944444444 0.07112847222222243 0.10906828703703705
55 0.5016666666666667 0.6082233796296297 0.07980902777777779 0.11322916666666671
137 0.49819444444444444 0.7996527777777779 0.07487847222222221 0.10215277777777772
131 0.9447222222222222 0.8285185185185184 0.07777777777777786 0.1272222222222222
53 0.06027777777777778 0.8757986111111112 0.08232638888888888 0.12111111111111086
3 0.2867708333333333 0.885636574074074 0.07765624999999998 0.12175347222222221
102 0.17498263888888888 0.8854513888888889 0.08071180555555557 0.11872106481481488
130 0.8264583333333334 0.1347164351851852 0.0827430555555555 0.13986111111111113
55 0.8164583333333333 0.37364004629629627 0.08854166666666678 0.11973379629629637