109 0.0749363425925926 0.16708333333333333 0.0849537037037037 0.14943865740740742
37 0.385619212962963 0.20269675925925928 0.0567418981481481 0.08922453703703699
136 0.21625 0.28727430555555555 0.04952546296296294 0.07630787037037035
178 0.07400462962962963 0.2827546296296296 0.0809375 0.08909722222222224
179 0.7646180555555555 0.3244618055555556 0.04713541666666661 0.07304398148148153
119 0.5973611111111111 0.31924189814814813 0.05751157407407419 0.08848958333333332
3 0.3914699074074074 0.3883622685185185 0.03752893518518521 0.05686342592592597
109 0.07335069444444445 0.3796759259259259 0.055491898148148165 0.1102256944444445
102 0.5777662037037038 0.48072337962962963 0.064704861111111 0.09984375000000015
102 0.48945023148148153 0.47783564814814816 0.06154513888888893 0.09731481481481481
137 0.2808449074074074 0.4662557870370371 0.040723379629629616 0.061736111111111214
102 0.7120949074074074 0.49181134259259257 0.05449074074074076 0.09533564814814817
3 0.39177083333333335 0.4736111111111111 0.03752893518518512 0.05686342592592588
3 0.3897048611111111 0.5602835648148148 0.04146990740740737 0.05943865740740737
136 0.20833912037037033 0.5573553240740741 0.04717013888888886 0.07538773148148152
128 0.584537037037037 0.6570601851851852 0.036001157407407544 0.059114583333333214
128 0.638443287037037 0.6602546296296297 0.041469907407407545 0.05943865740740737
53 0.705619212962963 0.6650173611111111 0.03836805555555554 0.060815972222222216
28 0.7993402777777778 0.0919386574074074 0.06065972222222236 0.09023726851851852
36 0.33275462962962965 0.8681192129629629 0.06553240740740743 0.10301504629629647
33 0.4460243055555555 0.8756134259259258 0.067829861111111 0.10002893518518512
137 0.6107465277777778 0.10187500000000001 0.04568865740740744 0.0807638888888889
137 0.6896527777777777 0.10655092592592592 0.03534722222222229 0.06766203703703702
137 0.5177430555555556 0.09870949074074073 0.05034143518518519 0.07869791666666667
144 0.7869097222222223 0.19207175925925926 0.04788194444444436 0.07074652777777776
29 0.7683622685185185 0.8634375000000001 0.0614988425925926 0.09418981481481481