177 0.21623263888888888 0.008246527777777778 0.05746527777777777 0.016493055555555556
109 0.2624074074074074 0.008810763888888889 0.042002314814814846 0.017621527777777778
125 0.3669502314814815 0.13278356481481482 0.030648148148148202 0.03466435185185186
123 0.3567592592592593 0.28344907407407405 0.03393518518518519 0.03790509259259256
123 0.4998495370370371 0.2804976851851852 0.027523148148148026 0.03454861111111107
123 0.6427777777777777 0.2744212962962963 0.027523148148148026 0.03454861111111107
180 0.054565972222222224 0.10130208333333335 0.036400462962962954 0.04033564814814818
171 0.03328125 0.40031828703703703 0.026730324074074073 0.04933449074074083
75 0.14730324074074072 0.3953125 0.054600694444444466 0.060503472222222146
59 0.4183043981481481 0.18723958333333335 0.06351851851851845 0.06707175925925926
59 0.6909201388888888 0.1763599537037037 0.05237847222222207 0.06276041666666665
55 0.4267708333333333 0.3505208333333333 0.05927662037037038 0.07549189814814809
55 0.7009490740740741 0.3395833333333333 0.05619212962962976 0.07615740740740744
30 0.5611053240740741 0.3447627314814815 0.04600694444444429 0.06018518518518521
176 0.6600694444444445 0.4569444444444445 0.052297453703703665 0.06119791666666678
3 0.5694444444444444 0.460300925925926 0.05328125000000004 0.06513310185185191
53 0.9933506944444446 0.48634259259259255 0.013298611111110858 0.053009259259259166
50 0.877025462962963 0.5350115740740741 0.044525462962963044 0.06168981481481488
55 0.7437673611111111 0.6370081018518519 0.04876736111111111 0.05326967592592595
102 0.6421238425925926 0.6392071759259259 0.048512731481481455 0.06339699074074083
102 0.43115740740740743 0.737037037037037 0.04670717592592588 0.058651620370370416
55 0.5312789351851852 0.7356770833333334 0.04995370370370367 0.061111111111111074
64 0.5288425925925926 0.6434027777777778 0.04588541666666668 0.05784143518518512
58 0.42814236111111115 0.6486979166666667 0.05123263888888889 0.05570023148148149
122 0.47770833333333335 0.8347222222222221 0.046788194444444466 0.06021412037037024
142 0.44887152777777783 0.9578993055555556 0.049710648148148094 0.05642361111111107
141 0.5482118055555556 0.956568287037037 0.04399884259259253 0.05153356481481488
28 0.6660995370370371 0.9506365740740741 0.04490162037037031 0.05390625
179 0.770005787037037 0.9467881944444445 0.04490162037037031 0.05390625
158 0.1606712962962963 0.653125 0.050734953703703664 0.061140046296296366