31 0.09765625 0.2802083333333333 0.08828125 0.11057291666666665
59 0.41015625 0.28984375 0.09375 0.1109375
59 0.4078125 0.29078125000000005 0.07109375 0.08833333333333329
137 0.79921875 0.43265624999999996 0.07109375 0.09692708333333329
141 0.09375 0.48125 0.0953125 0.09619791666666674
53 0.09296875 0.6523958333333333 0.0859375 0.10963541666666679
55 0.33984375 0.809375 0.103125 0.12875000000000014
128 0.64453125 0.78984375 0.06640625 0.10520833333333321
128 0.503125 0.8133333333333332 0.06328125 0.09640625000000007
140 0.09765625 0.8481770833333334 0.09921875 0.10661458333333336
32 0.79765625 0.11713541666666667 0.0796875 0.09124999999999997
136 0.41171875 0.15380208333333334 0.0875 0.09098958333333336