55 0.038350694444444444 0.2617013888888889 0.03793981481481481 0.06066550925925931
55 0.025254629629629634 0.46952546296296294 0.042812499999999996 0.06385995370370363
55 0.30383101851851857 0.27337962962962964 0.03789351851851848 0.05988425925925922
55 0.2949189814814815 0.4764583333333333 0.04005208333333332 0.056793981481481556
55 0.5424826388888888 0.26359953703703703 0.03633101851851848 0.05986111111111114
55 0.533292824074074 0.47136574074074067 0.037112268518518475 0.05987268518518505
55 0.5155787037037036 0.7307754629629629 0.037112268518518475 0.05987268518518522
55 0.2771122685185185 0.7374305555555555 0.040144675925925986 0.058356481481481384
55 0.01597945601851852 0.7241898148148149 0.03195891203703704 0.06382523148148138
123 0.14226851851851854 0.2336226851851852 0.028142361111111125 0.04022569444444439
123 0.2595949074074074 0.22954282407407406 0.02662615740740737 0.04098379629629623
123 0.3760011574074074 0.22781828703703705 0.029155092592592614 0.04414351851851848
123 0.4955787037037037 0.22526620370370373 0.028466435185185192 0.04569444444444439
123 0.4873090277777778 0.4306770833333333 0.026857638888888858 0.04489004629629641
123 0.3685590277777778 0.43243634259259256 0.025937500000000037 0.04253472222222214
123 0.2512789351851852 0.43573495370370363 0.026811342592592612 0.0441087962962964
123 0.13179398148148147 0.43672453703703706 0.02910879629629628 0.043362268518518474
104 0.18411458333333336 0.27827546296296296 0.04046874999999996 0.06382523148148148
104 0.17704282407407407 0.4766435185185186 0.0387673611111111 0.06145833333333321
128 0.41890625000000004 0.26777199074074076 0.03701967592592581 0.05831018518518523
128 0.410636574074074 0.4731828703703703 0.03545717592592581 0.05828703703703706
104 0.15973958333333332 0.7422916666666668 0.04023726851851852 0.05991898148148138
128 0.39287615740740744 0.7333738425925926 0.03747685185185183 0.05285300925925931
55 0.010154803240740745 0.9343576388888888 0.02030960648148149 0.06465277777777771
123 0.10663773148148148 0.9007523148148149 0.030625000000000034 0.042604166666666644
123 0.2245138888888889 0.9005671296296296 0.02768518518518519 0.045682870370370665
123 0.34193287037037035 0.8949247685185184 0.029479166666666678 0.04961226851851848
123 0.4614641203703703 0.8931539351851854 0.02865162037037052 0.04881944444444457
55 0.5074942129629629 0.9330613425925925 0.03858217592592581 0.05833333333333357
128 0.38548032407407407 0.9372106481481481 0.040879629629629655 0.05758680555555529
55 0.2689814814814815 0.9404976851851853 0.03720486111111114 0.06143518518518505
104 0.1516550925925926 0.9445775462962963 0.03793981481481481 0.06066550925925931
123 0.11394097222222221 0.6984780092592592 0.027453703703703702 0.04177662037037031
123 0.23273726851851856 0.6959375 0.02975115740740737 0.041030092592592736
123 0.3500636574074074 0.6918576388888888 0.0325115740740741 0.04809606481481481
123 0.4695486111111111 0.6908680555555555 0.030214120370370346 0.04884259259259256
173 0.6239814814814815 0.8509375 0.043454861111111145 0.061527777777777716
173 0.6499189814814815 0.38689814814814816 0.03991898148148145 0.06771990740740738
50 0.6968460648148148 0.5829050925925926 0.03614583333333332 0.05673611111111114