109 0.9388541666666665 0.25085648148148143 0.05333333333333314 0.09826388888888893
141 0.7997916666666667 0.25497685185185187 0.06333333333333328 0.084525462962963
89 0.11776041666666667 0.31041087962962965 0.07010416666666668 0.11591435185185191
142 0.28734375 0.30616898148148153 0.06395833333333334 0.11729166666666675
180 0.10723958333333332 0.03718894675925926 0.09333333333333335 0.07437789351851852
68 0.9545833333333335 0.41634259259259265 0.06770833333333356 0.09167245370370374
140 0.8180729166666666 0.43526041666666665 0.057916666666666575 0.09684027777777775
137 0.29828125 0.49371527777777774 0.062239583333333307 0.11490162037037024
142 0.8279687499999999 0.607181712962963 0.06765624999999993 0.10258680555555558
98 0.13770833333333332 0.6683391203703704 0.07088541666666667 0.11593750000000007
37 0.22536458333333337 0.6680902777777777 0.06583333333333333 0.11032986111111107
3 0.3081770833333334 0.6656365740740741 0.06973958333333333 0.1104456018518519
53 0.5295907953125 0.6539373609375 0.4728208828125 0.65561943125 0.4796444125 0.757972371875 0.536414325 0.7562903015625 0.5295907953125 0.6539373609375
100 0.6902083333333333 0.7012847222222222 0.06880208333333329 0.09638310185185191
102 0.7676562499999999 0.7005555555555556 0.061979166666666786 0.09929976851851859
137 0.4309895833333333 0.7113136574074075 0.06208333333333336 0.1008622685185184
53 0.5872916666666667 0.7074652777777779 0.06338541666666657 0.09700231481481474
180 0.8783333333333333 0.9164583333333333 0.11416666666666657 0.12189814814814817
177 0.9301041666666666 0.060896990740740745 0.05369791666666686 0.09203703703703703
109 0.9680729166666666 0.06681712962962963 0.04281250000000014 0.08079861111111113
59 0.67390625 0.0810127314814815 0.06286458333333336 0.10088541666666666
136 0.7919791666666667 0.07907986111111112 0.06078125000000014 0.1047222222222222
105 0.5030208333333334 0.08920717592592593 0.06567708333333329 0.10798611111111112
28 0.200625 0.1326099537037037 0.07020833333333334 0.11747685185185186
27 0.10338541666666667 0.1417534722222222 0.07526041666666665 0.1113888888888889