171 0.042158564814814815 0.2634490740740741 0.05457175925925926 0.12533564814814815
171 0.07526041666666668 0.6892418981481482 0.05746527777777777 0.12223379629629641
34 0.2580729166666667 0.2689525462962963 0.08831018518518512 0.11699652777777772
34 0.288599537037037 0.6916030092592592 0.08857060185185191 0.10997106481481485
36 0.38813657407407404 0.07471064814814814 0.09210069444444446 0.11546296296296296
33 0.40512152777777777 0.27238425925925924 0.08512731481481488 0.11619212962962963
33 0.5541087962962963 0.27036458333333335 0.08897569444444446 0.11543981481481484
33 0.43842592592592594 0.6903703703703703 0.08680555555555554 0.1177662037037038
33 0.5952835648148149 0.6891898148148148 0.0857349537037038 0.11385416666666667
33 0.7509837962962964 0.6934664351851852 0.08706597222222215 0.11074074074074076
36 0.5551215277777779 0.9059606481481481 0.09082754629629619 0.11935763888888892
88 0.976859085648148 0.35245949074074073 0.04628182870370381 0.07394097222222218
88 0.99765625 0.9118402777777778 0.0046875 0.08019675925925931
34 0.936863425925926 0.6940625 0.08758680555555572 0.11777199074074077
137 0.817505787037037 0.21063078703703705 0.06261574074074083 0.08635416666666665
88 0.8926215277777778 0.2127488425925926 0.056857638888888576 0.06132523148148152
102 0.8027777777777778 0.04342592592592592 0.06493055555555571 0.0754398148148148
31 0.8785011574074074 0.04320601851851852 0.05700231481481488 0.07381944444444444
55 0.8854166666666667 0.12602430555555555 0.06901041666666644 0.07781250000000002
141 0.965769675925926 0.12505787037037036 0.058680555555555715 0.07539351851851853
27 0.9588541666666666 0.04223958333333334 0.059837962962962975 0.0699363425925926
98 0.811255787037037 0.12625578703703705 0.061863425925925954 0.07619791666666668