123 0.4769733796296296 0.16486111111111112 0.030567129629629618 0.060694444444444426
123 0.73484375 0.15730902777777778 0.031325231481481454 0.05916666666666668
123 0.22778356481481482 0.2306597222222222 0.032899305555555536 0.06001736111111118
11 0.8037847222222222 0.21991319444444443 0.060121527777777926 0.1057291666666667
74 0.5491087962962963 0.23201388888888888 0.05848958333333325 0.10097222222222228
136 0.1405150462962963 0.3557118055555556 0.04479166666666665 0.07225694444444439
59 0.29920138888888886 0.35491319444444447 0.06316550925925926 0.10039930555555561
175 0.025028935185185185 0.3702256944444445 0.04042824074074074 0.09392361111111107
123 0.738738425925926 0.3674305555555556 0.0352662037037037 0.06168402777777775
123 0.48015625 0.3797048611111111 0.029762731481481453 0.059097222222222176
74 0.5520601851851852 0.43123263888888885 0.060063657407407336 0.10182291666666661
11 0.8091030092592593 0.4205902777777778 0.0592476851851849 0.09944444444444436
180 0.1342766203703704 0.04166666666666667 0.045781250000000016 0.08333333333333334
28 0.9116550925925925 0.028563368055555555 0.052204861111111 0.05712673611111111
44 0.028165509259259258 0.5819444444444445 0.040358796296296295 0.08923611111111107
123 0.23629050925925926 0.6993402777777777 0.036840277777777784 0.06253472222222226
42 0.3449247685185185 0.7500173611111112 0.055752314814814775 0.07430555555555554
55 0.5543865740740741 0.7993402777777778 0.06017939814814817 0.10963541666666679
171 0.018993055555555555 0.8598784722222221 0.013726851851851851 0.08336805555555564
42 0.3481886574074074 0.8647916666666667 0.05964699074074069 0.07369791666666643
87 0.14738425925925927 0.9776909722222221 0.047361111111111145 0.03489583333333357