180 0.02421875 0.019403935185185184 0.0484375 0.03880787037037037
103 0.18307291666666664 0.14502893518518517 0.11420717592592596 0.12421875
3 0.347019675925926 0.15631365740740738 0.10164930555555554 0.12269675925925924
102 0.5399594907407408 0.17873263888888888 0.10639467592592596 0.12375578703703702
32 0.05024594907407407 0.29796296296296293 0.10049189814814814 0.12118055555555554
37 0.17236689814814815 0.35311921296296295 0.09835069444444447 0.12016782407407404
137 0.3271701388888889 0.36072337962962964 0.10714699074074074 0.13391203703703702
137 0.49490740740740746 0.3738020833333333 0.10419560185185191 0.11506944444444445
53 0.6348090277777778 0.3813078703703704 0.08880208333333339 0.1172685185185185
53 0.7191840277777778 0.3863078703703704 0.0916666666666666 0.12443865740740741
141 0.809693287037037 0.3932407407407407 0.09372106481481488 0.12067129629629632
168 0.9153935185185185 0.4599247685185185 0.0900462962962962 0.1025636574074074
136 0.043402777777777776 0.5219502314814815 0.08680555555555555 0.116545138888889
22 0.03425202546296296 0.7243402777777778 0.06850405092592592 0.12150462962962968
137 0.41163194444444445 0.8836168981481481 0.09768518518518512 0.12168402777777772
53 0.6388813 0.84051205625 0.5593055 0.835796453125 0.5512508671874999 0.94453399375 0.6308266671875 0.9492495968749999 0.6388813 0.84051205625
53 0.6836805555555555 0.8973842592592594 0.09441550925925916 0.10904513888888871
38 0.9240162037037036 0.32233217592592595 0.08764467592592595 0.10164351851851858
133 0.9333622685185186 0.18556712962962962 0.0904224537037038 0.09714120370370369