59 0.728130787037037 0.303125 0.07303240740740743 0.125
59 0.2507407407407407 0.30390625 0.07022569444444446 0.1171875
13 0.24245949074074077 0.43046875 0.03150462962962965 0.05703125
13 0.7212731481481482 0.43203125 0.03265046296296283 0.05
55 0.1474652777777778 0.43828125 0.05123263888888889 0.08671875
55 0.6253587962962962 0.4421875 0.0441087962962964 0.08515625
55 0.3352835648148148 0.44609375 0.054774305555555534 0.09375
55 0.8132696759259259 0.4484375 0.05398726851851841 0.08046875
180 0.026365740740740738 0.0296875 0.03315972222222222 0.05859375
13 0.23301504629629627 0.58984375 0.03283564814814817 0.053125
13 0.7110937500000001 0.590625 0.0303993055555555 0.0515625
55 0.3260706018518518 0.6015625 0.04948495370370374 0.08359375
55 0.8041956018518519 0.6015625 0.054172453703703737 0.08359375
55 0.6173842592592592 0.603125 0.055324074074074046 0.08984375
55 0.13682291666666666 0.6046875 0.04718749999999998 0.084375
137 0.7014236111111112 0.740625 0.05427662037037031 0.11171875
136 0.49100694444444437 0.07265625 0.07344328703703695 0.11875
132 0.02672453703703704 0.15546875 0.038634259259259264 0.071875
132 0.5039293981481482 0.1578125 0.032928240740740834 0.0546875
128 0.6092303240740741 0.75390625 0.051001157407407405 0.0828125
128 0.31865162037037037 0.753125 0.05192129629629631 0.08515625
128 0.1286226851851852 0.75625 0.05182870370370374 0.08359375