171 0.04958333333333333 0.1828125 0.08016203703703703 0.1375
95 0.09034143518518518 0.35 0.0937037037037037 0.10234375
59 0.1997511574074074 0.35234375 0.05451388888888888 0.09375
136 0.19789930555555557 0.22734375 0.07163773148148148 0.1421875
180 0.19530671296296295 0.05234375 0.08108796296296301 0.09453125
55 0.404988425925926 0.23125 0.07303819444444457 0.13125
53 0.679050925925926 0.16796875 0.05385995370370367 0.10234375
137 0.6810821759259259 0.46328125 0.07215277777777765 0.12421875
28 0.378900462962963 0.5796875 0.07866898148148156 0.1421875
140 0.3797280092592593 0.79375 0.07967592592592591 0.1046875
142 0.4656770833333333 0.79453125 0.06689236111111115 0.13828125
59 0.6169965277777778 0.778125 0.052158564814814845 0.09296875
146 0.8602777777777778 0.4828125 0.07075231481481481 0.13515625
55 0.8648148148148149 0.7890625 0.08093171296296298 0.13671875
55 0.6882754629629629 0.790625 0.07218750000000007 0.1265625