109 0.9467708333333335 0.1962847222222222 0.05776041666666672 0.10732060185185185
141 0.7968229166666667 0.20484375 0.06848958333333321 0.09308449074074074
89 0.05947916666666667 0.2807060185185185 0.07619791666666667 0.1269618055555556
142 0.24234375 0.27200810185185187 0.06927083333333331 0.12815972222222224
180 0.05010416666666666 0.013240740740740742 0.09708333333333333 0.026481481481481484
68 0.9633854166666665 0.3749479166666667 0.07286458333333315 0.10031828703703702
140 0.8159895833333334 0.39826967592592594 0.0622916666666665 0.10521990740740739
137 0.25505208333333335 0.47439236111111105 0.06671875000000008 0.12491319444444429
142 0.8268229166666667 0.5842881944444445 0.07286458333333315 0.11199652777777765
98 0.08130208333333334 0.6668460648148148 0.07614583333333333 0.1261805555555556
37 0.17604166666666665 0.6650694444444445 0.07109375 0.12046875000000004
3 0.26510416666666664 0.6604513888888889 0.075 0.1206712962962964
53 0.504346434375 0.6419438640624999 0.4430566265625 0.6451218546875 0.45042170625000005 0.75559804375 0.5117115140624999 0.752420053125 0.504346434375 0.6419438640624999
100 0.6778125 0.689224537037037 0.07395833333333339 0.1050462962962964
102 0.7615104166666666 0.6864525462962963 0.06640625 0.10854745370370367
137 0.3975 0.7061111111111111 0.06729166666666667 0.11015046296296305
53 0.5670833333333334 0.6981018518518518 0.06776041666666668 0.10550347222222226
180 0.8804166666666667 0.9060648148148148 0.12171875000000014 0.10907986111111115
177 0.9357291666666667 0.02022424768518518 0.05661458333333336 0.04044849537037036
109 0.9771093750000001 0.02058159722222222 0.045781249999999926 0.04116319444444444
59 0.6597916666666667 0.03669560185185185 0.0671875 0.0733912037037037
136 0.78640625 0.034340277777777775 0.06343750000000004 0.06868055555555555
105 0.47479166666666667 0.04408564814814815 0.07145833333333336 0.0881712962962963
28 0.14921875 0.08633680555555555 0.07630208333333335 0.12852430555555555
27 0.044218749999999994 0.09883680555555555 0.08130208333333333 0.12177662037037036