125 0.6317592592592594 0.18601851851851853 0.040011574074074116 0.048715277777777774
125 0.12953703703703706 0.19208333333333333 0.0417766203703704 0.05263310185185181
180 0.011828703703703704 0.01710648148148148 0.02361689814814815 0.033755787037037036
112 0.19708912037037035 0.3041261574074074 0.07431134259259257 0.09270254629629626
112 0.8760358796296297 0.2998784722222222 0.07246527777777771 0.08722222222222217
12 0.5152488425925925 0.3205266203703704 0.038975694444444285 0.05885995370370374
123 0.6503067129629629 0.49850115740740736 0.040873842592592524 0.050283564814814954
123 0.14726273148148147 0.5037905092592593 0.04083333333333332 0.04950231481481478
4 0.5552777777777778 0.6101851851851852 0.07854166666666665 0.09898148148148138
123 0.15797453703703704 0.7405208333333333 0.03997106481481483 0.04793402777777782
123 0.6604398148148147 0.7391435185185186 0.04313657407407412 0.04873842592592581
15 0.09973958333333333 0.06960069444444444 0.03947337962962964 0.05339699074074074
15 0.6036863425925926 0.06664930555555557 0.044039351851851906 0.05108796296296296
172 0.3139120370370371 0.8237731481481481 0.10078125 0.10617476851851855
24 0.8045196759259259 0.5786400462962963 0.08489583333333357 0.07091435185185198
24 0.3027141203703704 0.5776678240740741 0.09677662037037038 0.07412615740740733