102 0.3776215277777778 0.09515625 0.045486111111111074 0.07609375
53 0.22296875 0.1028125 0.0529340277777778 0.08578125
102 0.5359895833333332 0.1006423611111111 0.04399305555555557 0.07758680555555557
137 0.936875 0.08517361111111112 0.05076388888888879 0.08958333333333332
10 0.6329687500000001 0.09868055555555555 0.053177083333333285 0.09125000000000001
19 0.836875 0.08961805555555555 0.049704861111111144 0.0832986111111111
137 0.7361284722222223 0.09487847222222222 0.05208333333333322 0.08418402777777778
37 0.22722222222222221 0.25135416666666666 0.052864583333333395 0.08421874999999997
180 0.06085069444444444 0.014652777777777778 0.034201388888888885 0.029305555555555557
123 0.526579861111111 0.3116319444444445 0.030659722222222286 0.05828124999999993
137 0.89515625 0.3265625 0.046510416666666644 0.08159722222222224
113 0.7161631944444444 0.42062499999999997 0.047361111111111145 0.08319444444444439
102 0.6060763888888889 0.42708333333333337 0.04140625 0.072013888888889
9 0.4330902777777778 0.44494791666666667 0.05076388888888879 0.08958333333333321
171 0.026840277777777775 0.46300347222222216 0.016458333333333332 0.08961805555555565
3 0.35510416666666667 0.45154513888888886 0.04991319444444446 0.08798611111111114
32 0.13180555555555556 0.4646006944444444 0.053750000000000006 0.08659722222222221
137 0.23883680555555556 0.45984374999999994 0.05218749999999996 0.08652777777777772
36 0.903142361111111 0.50625 0.048072916666666646 0.08166666666666664
65 0.7215624999999999 0.5597222222222222 0.04902777777777771 0.08560763888888889
102 0.6099479166666667 0.56703125 0.0436805555555555 0.07055555555555557
3 0.4061631944444445 0.6316666666666666 0.05079861111111104 0.09036458333333322
33 0.9115625000000002 0.6780902777777778 0.05062500000000014 0.08645833333333322
6 0.15894097222222223 0.7757291666666667 0.05236111111111112 0.09043402777777772
137 0.2707638888888889 0.7731076388888889 0.051406249999999966 0.08649305555555564
139 0.4137673611111111 0.7675347222222222 0.05381944444444446 0.08815972222222221
64 0.6763888888888889 0.7762152777777779 0.052291666666666715 0.08887152777777771
63 0.7551909722222222 0.8408159722222223 0.05324652777777779 0.09281250000000014
74 0.6013194444444444 0.8484375 0.05310763888888879 0.08968750000000014
90 0.9161979166666667 0.8352256944444445 0.04453125 0.07215277777777765
39 0.41909722222222223 0.9050694444444444 0.04994791666666672 0.08876736111111114