132 0.07211226851851851 0.03161747685185185 0.032505787037037034 0.0632349537037037
171 0.01072337962962963 0.49833333333333335 0.014745370370370372 0.09239583333333332
96 0.10916666666666668 0.49765625 0.04756365740740742 0.09366319444444446
125 0.24886574074074072 0.15961226851851854 0.02931134259259256 0.05511574074074073
59 0.19038194444444445 0.49176504629629625 0.05154513888888892 0.10387731481481488
64 0.2821875 0.22787615740740738 0.03414351851851851 0.07471643518518523
125 0.25153935185185183 0.6260300925925926 0.030081018518518476 0.05356481481481481
123 0.46767361111111116 0.1641840277777778 0.03411458333333321 0.07081018518518518
123 0.47032407407407406 0.6274768518518519 0.03329861111111114 0.06611111111111115
128 0.5397222222222222 0.7139583333333334 0.046782407407407335 0.09365162037037038
128 0.5355902777777779 0.2616261574074074 0.045196759259259166 0.09050347222222221
158 0.6776678240740741 0.13919560185185184 0.049120370370370384 0.09290509259259258
36 0.7600578703703704 0.29189814814814813 0.05234375 0.10623263888888887
33 0.6874537037037036 0.5109664351851851 0.05469907407407408 0.10782986111111122
34 0.8413773148148149 0.5110300925925927 0.055491898148148165 0.10940393518518512
27 0.8427662037037038 0.6985300925925927 0.05392361111111086 0.10859953703703695
63 0.6896585648148148 0.7031423611111111 0.05231481481481488 0.10232638888888879
162 0.9544965277777777 0.06957609953703704 0.07530092592592581 0.13915219907407408
171 0.845 0.8946122685185184 0.04911458333333343 0.0921238425925928