55 0.24932291666666667 0.21138310185185186 0.1346064814814815 0.1250289351851852
136 0.7945469296875001 0.1842352421875 0.6934895812499999 0.18124095 0.6919022390625 0.28838654531249996 0.7929595875000001 0.2913808375 0.7945469296875001 0.1842352421875
95 0.9436342592592591 0.24680555555555558 0.105746527777778 0.12729745370370366
139 0.23460069444444445 0.3610127314814815 0.07245949074074076 0.09429398148148146
139 0.15958912037037037 0.35957175925925927 0.07394097222222222 0.0888715277777778
139 0.3126909722222222 0.3656712962962963 0.08100694444444442 0.09142361111111112
59 0.6083217592592594 0.40569444444444447 0.09229166666666658 0.1151851851851852
32 0.7442592592592593 0.4097222222222222 0.1270023148148148 0.13885995370370363
12 0.473119212962963 0.40481481481481485 0.13861689814814823 0.13217592592592595
139 0.30980902777777775 0.4546875 0.0738368055555556 0.08184027777777772
139 0.15745370370370368 0.45095486111111105 0.07698495370370369 0.08349537037037039
139 0.23477430555555556 0.45480902777777776 0.07545717592592593 0.08579282407407404
139 0.15692708333333333 0.5392592592592592 0.08177662037037034 0.09066550925925938
139 0.23424768518518518 0.5431134259259259 0.08577546296296301 0.09703124999999986
62 0.8110590277777778 0.5961574074074074 0.09334490740740727 0.08085648148148153
137 0.6915162037037037 0.5933969907407407 0.07766203703703703 0.07648726851851854
180 0.9382175925925926 0.08485532407407408 0.11806134259259267 0.11516782407407407
102 0.42637731481481483 0.763744212962963 0.08071759259259252 0.07189236111111122
105 0.7739872685185185 0.777170138888889 0.07545717592592602 0.08579282407407404
160 0.5325347222222222 0.7731423611111111 0.07999421296296312 0.07577546296296304
65 0.2871990740740741 0.7674363425925926 0.09813657407407402 0.08802662037037035
26 0.1371875 0.7637731481481481 0.10614583333333334 0.10153935185185184
181 0.6512152777777778 0.7813483796296297 0.08501736111111118 0.09857060185185204
95 0.46035300925925926 0.9499884259259259 0.1029745370370371 0.09832175925925916
3 0.7712094907407407 0.9554340277777778 0.09998842592592591 0.0891319444444445