163 0.058750000000000004 0.1894502314814815 0.052714120370370376 0.11833333333333336
177 0.07126157407407407 0.6644618055555556 0.06332754629629629 0.10747685185185177
180 0.1575636574074074 0.017449363425925925 0.034658564814814816 0.03489872685185185
166 0.21117476851851852 0.13831018518518517 0.07741898148148145 0.13491898148148151
137 0.41595486111111113 0.13991898148148146 0.08461226851851844 0.1404398148148148
74 0.5925636574074075 0.1401736111111111 0.07948495370370381 0.1255613425925926
74 0.3038252314814815 0.4697280092592592 0.07985532407407411 0.1380613425925926
74 0.5311747685185185 0.3891203703703704 0.08525462962962962 0.1357581018518519
74 0.49811342592592595 0.6183217592592593 0.08364583333333328 0.13418402777777771
104 0.25817708333333333 0.6169733796296296 0.08468171296296294 0.14278356481481486
74 0.271255787037037 0.8473958333333333 0.0804282407407407 0.13103587962962954
3 0.5157175925925925 0.8432407407407407 0.07806134259259263 0.13023726851851833
59 0.6760127314814814 0.8467418981481482 0.07978587962962962 0.13571759259259258
104 0.8144849537037036 0.1400925925925926 0.07567129629629647 0.12865740740740744
64 0.8375694444444445 0.8400752314814814 0.08052083333333329 0.13416087962962955
128 0.9767404513888888 0.8483217592592593 0.04651909722222243 0.13176504629629626
102 0.9702546296296297 0.5819328703703703 0.059490740740740476 0.13180555555555565
141 0.9639742476851852 0.3577546296296297 0.07205150462962955 0.13571759259259258
28 0.9596354166666667 0.13354745370370372 0.07734953703703695 0.13257523148148148