141 0.48516203703703703 0.21023726851851854 0.08362847222222225 0.08202546296296295
171 0.08403935185185185 0.28238425925925925 0.08717013888888889 0.08914930555555553
137 0.9222858796296297 0.2833738425925926 0.08851273148148167 0.11180555555555553
102 0.7876388888888889 0.2959722222222222 0.09085069444444453 0.0986168981481482
28 0.48658564814814814 0.3135011574074074 0.08226273148148149 0.11162037037037038
171 0.09568287037037036 0.4260416666666667 0.08703125 0.08680555555555554
139 0.4804050925925926 0.4733391203703704 0.05498842592592581 0.05934027777777775
137 0.7530729166666666 0.491869212962963 0.15582754629629622 0.19490740740740745
3 0.36493055555555554 0.5057175925925926 0.09742476851851851 0.10427083333333335
139 0.19700810185185183 0.5114756944444444 0.09342592592592594 0.10259259259259253
102 0.5121296296296297 0.5068344907407407 0.09190972222222235 0.10332754629629619
65 0.7733275462962963 0.7808391203703703 0.1156365740740739 0.1352256944444445
142 0.3811863425925926 0.7932407407407408 0.08951967592592594 0.10247685185185187
53 0.9502647569444445 0.7769849537037038 0.099470486111111 0.12964120370370366
102 0.5273263888888888 0.789693287037037 0.08809606481481484 0.10477430555555553
180 0.3483391203703704 0.08046296296296297 0.10072916666666672 0.09423032407407408
95 0.06273148148148149 0.10770833333333334 0.08966435185185184 0.1180787037037037
98 0.456568287037037 0.08429976851851853 0.08864583333333335 0.1008912037037037
98 0.14485532407407406 0.10684027777777778 0.0800983796296296 0.10141782407407404