137 0.49453125 0.13671875 0.08671875 0.125
110 0.65859375 0.1484375 0.0734375 0.1046875
55 0.425 0.40625 0.04296875 0.05234375
110 0.8328125 0.4359375 0.04140625 0.065625
137 0.90390625 0.43984375 0.04453125 0.06953125
130 0.61328125 0.4453125 0.0640625 0.07734375
55 0.4234375 0.47890625 0.04453125 0.05078125
180 0.15390625 0.05 0.11171875 0.1
110 0.834375 0.54140625 0.0421875 0.06015625
137 0.90625 0.5484375 0.0453125 0.06484375
55 0.4234375 0.55859375 0.04453125 0.0484375
130 0.61328125 0.5609375 0.0671875 0.0703125
102 0.41953125 0.66953125 0.04609375 0.05625
110 0.8328125 0.7171875 0.040625 0.06484375
137 0.90625 0.7203125 0.04609375 0.07421875
130 0.6140625 0.73125 0.0640625 0.0734375
102 0.415625 0.753125 0.040625 0.04375
110 0.834375 0.82265625 0.04296875 0.05859375
102 0.41640625 0.825 0.04140625 0.0453125
137 0.90625 0.82578125 0.046875 0.0703125
130 0.6140625 0.83828125 0.0625 0.07578125