180 0.13109375 0.045480324074074076 0.04489583333333336 0.07607638888888887
89 0.209375 0.18895833333333334 0.09333333333333335 0.14671296296296293
55 0.0553125 0.18547453703703703 0.059375 0.10585648148148148
102 0.23005208333333332 0.47568865740740734 0.06854166666666668 0.10280092592592602
102 0.5764583333333333 0.19011574074074072 0.06374999999999993 0.10120370370370368
102 0.596875 0.4729398148148148 0.06541666666666668 0.10277777777777786
53 0.40062500000000006 0.1880324074074074 0.09182291666666664 0.14748263888888888
3 0.7184895833333333 0.34109375000000003 0.09437499999999996 0.15062499999999995
37 0.74875 0.818425925925926 0.09145833333333328 0.15372685185185161
6 0.8909375 0.8194791666666668 0.09302083333333329 0.15373842592592588
34 0.8684375 0.5639699074074074 0.09312499999999986 0.15530092592592587
89 0.41973958333333333 0.47475115740740736 0.10333333333333332 0.1678703703703704
89 0.44177083333333333 0.8052199074074075 0.09911458333333342 0.1631539351851849