137 0.75546875 0.215625 0.0765625 0.15546875
102 0.83359375 0.215625 0.04296875 0.0765625
144 0.59375 0.2171875 0.07890625 0.146875
53 0.9109375 0.21875 0.08359375 0.1671875
102 0.365625 0.3203125 0.075 0.1609375
102 0.59921875 0.43515625 0.034375 0.0734375
137 0.1765625 0.45546875 0.06796875 0.1640625
102 0.24453125 0.4578125 0.0390625 0.07890625
53 0.90546875 0.6 0.075 0.1640625
137 0.59921875 0.6078125 0.078125 0.15234375
102 0.7546875 0.6078125 0.06484375 0.18046875
102 0.36328125 0.615625 0.08046875 0.1609375
180 0.1328125 0.13125 0.03984375 0.0859375
53 0.0453125 0.48359375 0.08984375 0.17578125