102 0.9479166666666666 0.2673784722222222 0.07770833333333335 0.14911458333333333
180 0.14869791666666665 0.024466145833333335 0.055937500000000015 0.04893229166666667
137 0.8309375000000001 0.2757118055555555 0.07739583333333329 0.1561111111111111
102 0.5930729166666666 0.30430555555555555 0.08317708333333336 0.14935763888888892
3 0.4148958333333333 0.32319444444444445 0.0953125 0.1794965277777778
137 0.24046875 0.3395659722222223 0.07911458333333332 0.14684027777777775
37 0.27020833333333333 0.77390625 0.09526041666666671 0.1787152777777779
160 0.55625 0.7627604166666666 0.07791666666666668 0.15223958333333343
102 0.3978125 0.7721527777777778 0.07901041666666667 0.1569618055555555
102 0.86390625 0.7584895833333333 0.07822916666666657 0.15692708333333344
3 0.6953125 0.7683333333333333 0.09916666666666671 0.1905729166666667
137 0.9725911458333332 0.7554861111111111 0.05481770833333357 0.14758680555555567