102 0.7132291666666667 0.13342592592592592 0.06526041666666664 0.12681712962962965
89 0.10265625 0.21039351851851854 0.07255208333333334 0.1311400462962963
95 0.3069791666666667 0.41633101851851856 0.08328125000000001 0.12866319444444443
170 0.12192708333333332 0.4288657407407407 0.06968749999999999 0.13486111111111115
102 0.7210416666666666 0.40355902777777775 0.06661458333333332 0.12378472222222232
3 0.4955729166666666 0.4216261574074075 0.06729166666666657 0.13394097222222215
102 0.7213541666666666 0.6200173611111112 0.06656249999999986 0.12300347222222215
152 0.13473958333333333 0.6563483796296297 0.07109375 0.12093749999999996
102 0.57484375 0.04686053240740741 0.06630208333333343 0.09372106481481482
137 0.5111979166666666 0.6677662037037038 0.07880208333333343 0.1315104166666666
102 0.8882291666666667 0.7230729166666666 0.06875 0.1324710648148148
99 0.7913020833333333 0.8456828703703703 0.04817708333333339 0.09234374999999986