59 0.38359375 0.11015625 0.0640625 0.09453125
176 0.6296875 0.25703125 0.06171875 0.0765625
176 0.1640625 0.2578125 0.0609375 0.08125
95 0.91484375 0.3703125 0.09296875 0.096875
95 0.7333345671875 0.41976755624999995 0.8064581796875 0.41976755624999995 0.8064581796875 0.34355588593749997 0.7333345671875 0.34355588593749997 0.7333345671875 0.41976755624999995
59 0.38203125 0.40625 0.06484375 0.09296875
55 0.1640625 0.55078125 0.06640625 0.08984375
55 0.63203125 0.55078125 0.071875 0.09375
12 0.38203125 0.55625 0.0671875 0.08828125
53 0.1671875 0.82109375 0.0640625 0.0828125
123 0.38359375 0.821875 0.0609375 0.08203125
128 0.6328125 0.821875 0.06796875 0.0921875