137 0.2438888888888889 0.1934085648148148 0.0977662037037037 0.1521527777777778
137 0.4673263888888889 0.18016782407407408 0.05367476851851851 0.10438657407407406
180 0.16230324074074073 0.025428240740740744 0.04414351851851852 0.05085648148148149
179 0.9198668981481483 0.3339641203703704 0.09225694444444414 0.1642824074074074
74 0.6059837962962963 0.36268518518518517 0.09877893518518518 0.15610532407407404
160 0.8199537037037038 0.3515625 0.07307870370370359 0.12967013888888895
171 0.011597222222222222 0.40339120370370374 0.023194444444444445 0.11821759259259253
160 0.8097858796296297 0.5888310185185185 0.07330439814814796 0.12034143518518511
59 0.21180555555555552 0.6297164351851852 0.09859953703703699 0.16621527777777773
74 0.5936516203703703 0.6102025462962963 0.09399884259259253 0.1542650462962964
160 0.7943402777777778 0.8100636574074074 0.0733969907407408 0.12190393518518547
74 0.576875 0.8276215277777779 0.09873263888888886 0.15532407407407406