39 0.08203125 0.85390625 0.10859375 0.096875
180 0.08203125 0.14296875 0.08203125 0.0828125
142 0.2640625 0.23046875 0.12890625 0.1140625
137 0.8765625 0.23203125 0.103125 0.1109375
3 0.58515625 0.23359375 0.10859375 0.10546875
37 0.4265625 0.2359375 0.11015625 0.103125
53 0.73671875 0.2375 0.09765625 0.10234375
29 0.0828125 0.3859375 0.10234375 0.10078125
102 0.81328125 0.440625 0.1234375 0.11171875
102 0.640625 0.44375 0.10390625 0.10703125
102 0.47578125 0.4453125 0.10234375 0.10703125
102 0.2953125 0.446875 0.10625 0.09375
55 0.51875 0.053125 0.11875 0.10625
27 0.0859375 0.53828125 0.10546875 0.0953125
123 0.7671875 0.58359375 0.04921875 0.0578125
123 0.21875 0.5875 0.05234375 0.06171875
123 0.5140625 0.58828125 0.05390625 0.06015625
28 0.0859375 0.68671875 0.10546875 0.09765625
46 0.08515625 0.23828125 0.1015625 0.10078125
130 0.28671875 0.67734375 0.08671875 0.084375
130 0.56328125 0.67734375 0.090625 0.08359375
130 0.8203125 0.67109375 0.0890625 0.08359375