102 0.4679108796296296 0.13633680555555555 0.053310185185185335 0.10894097222222224
3 0.36786458333333333 0.1363773148148148 0.056024305555555556 0.11520833333333336
160 0.5646006944444444 0.14017939814814814 0.05855902777777775 0.13162615740740743
171 0.003935185185185186 0.1406712962962963 0.007870370370370371 0.1250925925925926
3 0.16615162037037037 0.16380208333333332 0.09304398148148149 0.17326967592592593
3 0.35067708333333336 0.4527951388888889 0.05524305555555555 0.11520254629629623
102 0.4506307870370371 0.45431712962962967 0.04995370370370367 0.10501157407407398
160 0.5466782407407408 0.4558101851851852 0.05896990740740744 0.1253819444444444
180 0.10412615740740741 0.0234375 0.0471701388888889 0.04486111111111111
3 0.3298553240740741 0.7777835648148148 0.055474537037037044 0.11910879629629641
102 0.42746527777777776 0.7792881944444444 0.051747685185185154 0.10892939814814824
160 0.5255787037037037 0.7854861111111111 0.055335648148148134 0.1167650462962964
154 0.01199797453703704 0.8315972222222221 0.02399594907407408 0.11284143518518519
28 0.05694444444444444 0.9383333333333332 0.057355324074074066 0.11131365740740762