171 0.0224609375 0.04921006944444444 0.044921875 0.09842013888888888
141 0.3053125 0.03588107638888889 0.07057870370370374 0.07176215277777778
31 0.49267361111111113 0.034266493055555555 0.08960648148148138 0.06853298611111111
28 0.6294386574074073 0.03041232638888889 0.08638888888888889 0.06082465277777778
158 0.737019675925926 0.03220486111111111 0.09471064814814803 0.06440972222222222
36 0.19884837962962962 0.20777777777777778 0.08465277777777777 0.11362847222222223
171 0.01630787037037037 0.35748263888888887 0.03261574074074074 0.1326909722222222
34 0.2667071759259259 0.35125 0.08138888888888882 0.11114583333333332
33 0.3692361111111111 0.34357638888888886 0.08391782407407407 0.11437499999999998
33 0.46983217592592597 0.34222222222222226 0.080607638888889 0.11111111111111108
33 0.5620659722222221 0.33734375 0.08446759259259266 0.11050347222222223
33 0.6575636574074074 0.3299826388888889 0.08401041666666664 0.11593749999999999
33 0.7567361111111112 0.32635416666666667 0.08148148148148149 0.11270833333333333
58 0.9498842592592591 0.11751736111111111 0.085572916666667 0.11600694444444444
58 0.9386284722222221 0.3206076388888889 0.08589699074074061 0.1214756944444444
63 0.9212210648148147 0.6143576388888888 0.08644675925925896 0.11760416666666665
147 0.9030960648148149 0.8676215277777779 0.079826388888889 0.111076388888889
102 0.5945949074074074 0.8797743055555556 0.08405671296296298 0.11671875000000007
137 0.2153645833333333 0.9020833333333333 0.09210069444444446 0.12097222222222222
88 0.003444733796296298 0.7722916666666666 0.006889467592592596 0.054600694444444466