3 0.31982638888888887 0.23408564814814814 0.0789756944444445 0.14487847222222222
102 0.45484375000000005 0.24221643518518515 0.07168402777777771 0.12120949074074075
11 0.5804166666666667 0.2515625 0.08130208333333329 0.12702546296296297
177 0.029205729166666666 0.3012731481481482 0.05841145833333333 0.15486111111111106
148 0.9266666666666665 0.34890046296296295 0.093333333333333 0.1695891203703704
136 0.14673611111111112 0.32549189814814816 0.0792013888888889 0.13240740740740745
37 0.7390798611111111 0.36151620370370374 0.08519097222222224 0.14432870370370363
166 0.30994791666666666 0.4739583333333333 0.07467013888888889 0.11820023148148148
137 0.44038194444444445 0.47957175925925927 0.08541666666666678 0.13185763888888893
1 0.45256944444444447 0.7335648148148148 0.08045138888888896 0.12543402777777785
1 0.5750868055555556 0.7412326388888889 0.07913194444444435 0.13084490740740726
102 0.30552083333333335 0.8024594907407409 0.07361111111111107 0.11192129629629619
180 0.11727430555555556 0.019994212962962964 0.029479166666666678 0.031510416666666666