125 0.3145833333333333 0.18274305555555553 0.05045138888888889 0.06204861111111111
125 0.13803819444444446 0.18116319444444445 0.04804976851851852 0.054184027777777775
125 0.5474131944444445 0.19026041666666668 0.04498263888888889 0.06192708333333332
125 0.7778935185185185 0.19694444444444442 0.04809606481481481 0.060434027777777774
55 0.16858217592592592 0.2974479166666667 0.09138888888888888 0.10513888888888889
59 0.5842245370370371 0.3090277777777778 0.08833333333333329 0.11444444444444439
114 0.35375578703703703 0.30390625 0.08512152777777775 0.10265624999999998
55 0.8185995370370371 0.3142361111111111 0.08434027777777757 0.10263888888888886
57 0.6508725515625 0.5386683624999999 0.5896779703125 0.5373084828125 0.5902409546875 0.6133113484375 0.6514355359375 0.614671228125 0.6508725515625 0.5386683624999999
180 0.08479166666666667 0.058125 0.08174768518518519 0.06899305555555557
102 0.8181365740740741 0.6735416666666667 0.08589120370370366 0.10111111111111111
3 0.3639930555555556 0.7368750000000001 0.10877893518518515 0.13286458333333329
102 0.8665625 0.7785069444444445 0.08894675925925917 0.09180555555555561
102 0.7763773148148148 0.8358680555555555 0.08197337962962958 0.09946180555555557