176 0.44243055555555555 0.15668402777777776 0.07885995370370366 0.10559027777777778
136 0.3104224537037037 0.16039930555555554 0.07947916666666668 0.10013888888888886
125 0.09510416666666667 0.30746527777777777 0.043900462962962974 0.05875000000000004
1 0.31001157407407404 0.3839930555555555 0.06906828703703702 0.09131944444444447
171 0.31048611111111113 0.03456597222222223 0.09284722222222222 0.06913194444444445
123 0.10280092592592593 0.5144618055555557 0.04734953703703706 0.06975694444444436
102 0.5941724537037038 0.5551388888888888 0.06994212962962969 0.0944618055555555
74 0.16200810185185185 0.5866319444444444 0.04962384259259256 0.06746527777777782
55 0.4165451388888889 0.6286631944444444 0.06387731481481485 0.10057291666666668
55 0.3275983796296297 0.634548611111111 0.06854166666666668 0.09989583333333343
55 0.23541087962962964 0.6365972222222223 0.0671180555555555 0.10454861111111118
148 0.9684635416666666 0.6225173611111111 0.06307291666666685 0.11487847222222225
102 0.6022858796296295 0.6706597222222223 0.06918402777777785 0.09522569444444447
50 0.7752025462962964 0.7019965277777778 0.08205439814814816 0.10800347222222229
9 0.5445543981481482 0.8329861111111111 0.07888310185185184 0.10637152777777778
63 0.22582754629629628 0.8408506944444444 0.07803240740740743 0.10401041666666658
53 0.34616319444444443 0.8389583333333335 0.07729745370370367 0.10555555555555571
179 0.10905671296296297 0.9630555555555557 0.08489583333333331 0.072152777777778
28 0.27785300925925926 0.9608680555555555 0.07855324074074073 0.068888888888889
87 0.6247511574074074 0.9539409722222223 0.0785069444444444 0.067326388888889
29 0.44425925925925924 0.9571701388888888 0.08324074074074073 0.06899305555555557