32 0.0862326388888889 0.3587268518518519 0.047690972222222225 0.11154513888888892
37 0.08494212962962963 0.6062905092592593 0.05396990740740741 0.11563657407407409
6 0.20440393518518518 0.600457175925926 0.05164351851851849 0.11791087962962958
137 0.20339120370370373 0.35829282407407403 0.04928240740740737 0.11549768518518518
132 0.3634027777777778 0.02717013888888889 0.03930555555555557 0.03396990740740741
3 0.42802083333333335 0.20951388888888892 0.04925347222222225 0.11159143518518518
53 0.5569444444444445 0.21567708333333332 0.04846643518518512 0.110787037037037
132 0.36937499999999995 0.6225289351851852 0.035787037037037096 0.08619791666666661
3 0.7061284722222222 0.21541087962962963 0.05081018518518512 0.11085648148148142
3 0.4334027777777777 0.830630787037037 0.050827546296296336 0.11320023148148159
3 0.7099594907407407 0.8380439814814814 0.04925347222222225 0.11159143518518491
53 0.5614988425925926 0.8305208333333333 0.05396412037037042 0.11485532407407391
53 0.8444155092592591 0.22028935185185183 0.04844907407407391 0.1084432870370371
53 0.8489988425925926 0.8390393518518519 0.04612268518518512 0.11071759259259259
137 0.9725405092592592 0.22408564814814813 0.04688657407407391 0.10839699074074076
137 0.9766319444444445 0.8444212962962963 0.046736111111111 0.11862268518518526