96 0.5242650462962963 0.12096064814814815 0.07498263888888879 0.07921296296296299
59 0.528616898148148 0.23511574074074076 0.05644675925925924 0.06721064814814817
125 0.6381307870370371 0.26153935185185184 0.05193287037037031 0.05526041666666668
125 0.18743055555555554 0.2898148148148148 0.04876736111111111 0.054293981481481526
95 0.6316840277777778 0.005719039351851854 0.08051504629629633 0.011438078703703707
112 0.8340451388888889 0.32202546296296297 0.07588541666666657 0.08160300925925927
55 0.38330439814814815 0.3495196759259259 0.07588541666666666 0.08160300925925927
112 0.23174189814814813 0.3585011574074074 0.07111689814814817 0.07976273148148146
55 0.6826446759259259 0.33413194444444444 0.07506365740740754 0.08077546296296294
59 0.5401215277777778 0.4569907407407408 0.06195601851851862 0.06831597222222215
123 0.19938078703703704 0.5202835648148147 0.05111111111111111 0.05443287037037035
123 0.6509837962962963 0.49430555555555566 0.049670138888888896 0.056684027777777854
12 0.5461979166666666 0.5741782407407408 0.05583912037037031 0.055491898148148165
55 0.39379050925925924 0.6122048611111112 0.07901041666666667 0.08178819444444443
55 0.6953530092592592 0.5943344907407407 0.07510416666666657 0.08155671296296294
123 0.21129050925925927 0.7499710648148148 0.05103009259259252 0.052870370370370345
123 0.6613310185185185 0.7240856481481481 0.052876157407407476 0.05843171296296283
11 0.782986111111111 0.7881886574074074 0.0700925925925926 0.0750289351851853
11 0.3329861111111111 0.8148553240740741 0.06918981481481482 0.07263888888888878
180 0.09408564814814815 0.09159722222222223 0.05028935185185186 0.053605324074074076