171 0.0375 0.509375 0.07265625 0.16015625
136 0.14765625 0.51015625 0.071875 0.1390625
3 0.31328125 0.1515625 0.06171875 0.1125
102 0.4078125 0.1484375 0.06015625 0.10234375
53 0.409375 0.31796875 0.053125 0.1
53 0.40859375 0.66796875 0.06171875 0.11328125
102 0.40625 0.84609375 0.05546875 0.10546875
3 0.3125 0.85 0.06015625 0.11328125
136 0.590625 0.4984375 0.07734375 0.14375
1 0.72265625 0.17109375 0.0578125 0.10078125
3 0.72109375 0.3359375 0.0546875 0.10390625
1 0.72578125 0.64140625 0.05859375 0.1109375
3 0.72109375 0.815625 0.0546875 0.1046875
55 0.83203125 0.64375 0.05390625 0.10625
55 0.83203125 0.17734375 0.0515625 0.10390625
102 0.8328125 0.33671875 0.053125 0.10546875
102 0.83125 0.81640625 0.05703125 0.11171875
128 0.94453125 0.17734375 0.0515625 0.103125
53 0.94140625 0.3359375 0.0546875 0.1125
128 0.9421875 0.640625 0.05234375 0.0953125
53 0.93984375 0.8140625 0.0578125 0.115625