180 0.13515625 0.01640625 0.02265625 0.0328125
53 0.740625 0.221875 0.07109375 0.1125
37 0.8515625 0.22421875 0.06796875 0.1078125
0 0.9671875 0.22421875 0.065625 0.1015625
137 0.29140625 0.2484375 0.06796875 0.10625
102 0.55859375 0.2515625 0.06875 0.10546875
22 0.290625 0.434375 0.06953125 0.109375
3 0.96796875 0.04921875 0.06015625 0.09765625
102 0.7375 0.04921875 0.065625 0.0984375
137 0.85234375 0.0515625 0.0640625 0.103125
102 0.43359375 0.5859375 0.06953125 0.11640625
53 0.55703125 0.58671875 0.0703125 0.10546875
3 0.29140625 0.58984375 0.0640625 0.10703125
137 0.28984375 0.07421875 0.06640625 0.1078125
137 0.28984375 0.89609375 0.06640625 0.10859375
37 0.290625 0.7484375 0.071875 0.10859375