32 0.4765277777777778 0.14652777777777776 0.06593171296296294 0.08170717592592594
171 0.029751157407407407 0.18188078703703706 0.046174768518518525 0.1073321759259259
171 0.9513310185185185 0.18443287037037037 0.09571759259259274 0.11394675925925926
125 0.27608796296296295 0.2902546296296296 0.021689814814814846 0.026712962962962904
125 0.5675752314814815 0.28965856481481483 0.02181134259259245 0.029056712962962906
95 0.47387152777777775 0.02185619212962963 0.09383680555555554 0.04371238425925926
137 0.19717592592592595 0.3510185185185185 0.06268518518518515 0.07934027777777777
1 0.5455613425925925 0.36250578703703706 0.06675347222222214 0.08249421296296297
81 0.045515046296296297 0.4256076388888889 0.051481481481481475 0.1042476851851852
81 0.9581901041666667 0.4211342592592593 0.08361979166666664 0.10460069444444446
123 0.2863541666666667 0.5183912037037037 0.02255208333333334 0.028281250000000036
55 0.3088020833333333 0.5744965277777778 0.026741898148148202 0.033778935185185335
55 0.6034143518518519 0.5738773148148149 0.024976851851851833 0.02986111111111107
42 0.41184027777777776 0.632349537037037 0.04902199074074076 0.04175347222222214
42 0.7079340277777778 0.63015625 0.04980324074074076 0.041759259259259274
42 0.341568287037037 0.6336516203703704 0.056915509259259256 0.043373842592592735
42 0.6377025462962963 0.6322395833333333 0.050706018518518546 0.0441087962962964
42 0.48305555555555557 0.6341666666666667 0.04828124999999996 0.04252893518518519
42 0.7814930555555556 0.6319560185185186 0.04951967592592581 0.03629050925925927
63 0.21228587962962964 0.6424247685185185 0.06757523148148152 0.08328124999999993
162 0.9732841435185187 0.6859606481481482 0.053431712962962764 0.07237268518518522
123 0.3009895833333333 0.7855729166666666 0.023252314814814844 0.026724537037037165
142 0.22338541666666667 0.8564872685185186 0.06819444444444445 0.08016203703703724
62 0.5710416666666667 0.853912037037037 0.06663194444444435 0.08015046296296262
53 0.7556483859375 0.804823346875 0.6814316484375 0.8053731000000001 0.68647619375 0.902660771875 0.76069293125 0.90211101875 0.7556483859375 0.804823346875
53 0.46270775468750003 0.810912590625 0.37814766875 0.8115389609375001 0.3828541125 0.902306084375 0.4674141984375 0.9016797140625 0.46270775468750003 0.810912590625
180 0.09157986111111112 0.09310763888888889 0.0209085648148148 0.02670717592592591