109 0.9646874999999999 0.18221064814814816 0.05815972222222214 0.12438078703703707
59 0.6756597222222223 0.23610532407407409 0.06449652777777785 0.09354745370370372
180 0.023993055555555556 0.025 0.04798611111111111 0.05
180 0.1943402777777778 0.02167824074074074 0.05899305555555556 0.04335648148148148
55 0.06210069444444445 0.33035300925925926 0.07743055555555556 0.11381944444444443
55 0.3902430555555556 0.4877025462962963 0.08121527777777775 0.10858217592592592
55 0.2809548611111111 0.49809027777777776 0.08630208333333336 0.12682870370370375
55 0.6302430555555556 0.4805208333333333 0.08211805555555554 0.11409722222222207
55 0.8060416666666667 0.47088541666666667 0.08045138888888878 0.10931712962962958
55 0.4920138888888889 0.49105902777777777 0.0781944444444445 0.11308449074074076
96 0.18069444444444444 0.5627025462962962 0.05744791666666664 0.092349537037037
148 0.07173611111111111 0.623136574074074 0.056076388888888884 0.1008506944444445
55 0.28453125 0.6942303240740741 0.08128472222222224 0.11170717592592591
171 0.9584895833333335 0.029176793981481486 0.07553819444444443 0.05835358796296297
128 0.8088194444444445 0.7366956018518518 0.06218749999999993 0.0949710648148148
128 0.6120833333333333 0.7546122685185186 0.06222222222222236 0.09653356481481482
62 0.4223090277777778 0.7689872685185184 0.08611111111111107 0.11823495370370374
137 0.4627604166666666 0.08991898148148147 0.08085069444444457 0.12728587962962962
136 0.7979340277777778 0.07083912037037036 0.07046874999999986 0.11652777777777779
32 0.6706597222222223 0.08151041666666667 0.0805381944444445 0.11322337962962963
55 0.05246527777777778 0.14317708333333332 0.08145833333333334 0.11951967592592591
173 0.16576388888888888 0.13724537037037038 0.05362847222222222 0.09602430555555555
28 0.34152777777777776 0.1964525462962963 0.08390624999999999 0.12434606481481478