102 0.29375 0.31796875 0.07421875 0.1359375
3 0.1859375 0.31875 0.07734375 0.14140625
55 0.8234375 0.33046875 0.06953125 0.13671875
55 0.48671875 0.3328125 0.07109375 0.1359375
12 0.66328125 0.33359375 0.06796875 0.13359375
177 0.053125 0.33515625 0.06953125 0.13125
132 0.1640625 0.03828125 0.0359375 0.07421875
55 0.8234375 0.46328125 0.06796875 0.121875
55 0.82265625 0.5921875 0.06875 0.128125
128 0.4527594078125 0.772369565625 0.5213568984375 0.772369565625 0.5213568984375 0.639282609375 0.4527594078125 0.639282609375 0.4527594078125 0.772369565625
137 0.2203125 0.72421875 0.04453125 0.096875
136 0.4734375 0.16875 0.03984375 0.06796875
171 0.05234375 0.53203125 0.0609375 0.115625