180 0.5060648148148148 0.05 0.02537037037037031 0.02685185185185186
1 0.7644560185185185 0.24120370370370373 0.048663194444444356 0.07149884259259257
1 0.22299189814814815 0.20500578703703703 0.047100694444444445 0.0713831018518519
125 0.7949421296296297 0.29508101851851853 0.02717592592592588 0.04337384259259256
125 0.5504108796296296 0.27696759259259257 0.027233796296296298 0.04728009259259256
125 0.2534780092592593 0.2588831018518518 0.027152777777777713 0.04181134259259256
125 0.011066261574074074 0.24160879629629628 0.022132523148148148 0.043200231481481485
64 0.5581597222222222 0.3346354166666667 0.03194444444444446 0.04918981481481488
64 0.018269675925925925 0.29777199074074073 0.03200231481481482 0.05309606481481479
74 0.748894675925926 0.3941261574074074 0.030381944444444465 0.04907407407407405
74 0.20821180555555557 0.3579861111111111 0.031174768518518546 0.04991319444444446
28 0.6171238425925927 0.4195601851851851 0.05342013888888886 0.07653356481481488
28 0.0771412037037037 0.38894675925925926 0.05412037037037036 0.07112268518518512
31 0.8700405092592594 0.4523726851851852 0.05832754629629626 0.09172453703703702
31 0.3278298611111111 0.4137731481481482 0.05514467592592594 0.08758680555555554
94 0.519537037037037 0.09088541666666668 0.03201388888888897 0.053877314814814836
81 0.0763425925925926 0.8651909722222222 0.062442129629629625 0.10607638888888857
14 0.5036863425925926 0.8968460648148149 0.08317129629629623 0.13570601851851832
14 0.8349131944444445 0.9229456018518519 0.07996527777777765 0.13000578703703702
17 0.20130787037037035 0.8767939814814815 0.08239004629629623 0.1356481481481481
45 0.6692766203703704 0.9114583333333334 0.08000000000000007 0.13234953703703703
45 0.3497337962962963 0.8885706018518519 0.08236689814814815 0.1340856481481481
88 0.6082118055555557 0.17644675925925926 0.06178240740740755 0.06154513888888893
88 0.0667824074074074 0.1379050925925926 0.05715277777777779 0.0651041666666667
55 0.20125 0.4583622685185185 0.03688657407407412 0.06672453703703703
55 0.7403587962962963 0.49516782407407406 0.03454282407407412 0.06655092592592596
96 0.22528935185185187 0.1027199074074074 0.049583333333333354 0.08093171296296298
96 0.7667650462962963 0.13813657407407406 0.045781249999999926 0.08767361111111112