180 0.18776041666666665 0.01087962962962963 0.0338541666666667 0.02175925925925926
3 0.24282407407407405 0.3108796296296296 0.09673032407407404 0.10500578703703703
38 0.9752604166666666 0.31495949074074076 0.026099537037037025 0.07274305555555553
102 0.5640625 0.33721064814814816 0.058101851851851904 0.07314814814814818
53 0.35269097222222223 0.5884548611111111 0.0948206018518519 0.11663773148148149
168 0.965017361111111 0.5704571759259259 0.028009259259259168 0.08217592592592596
102 0.5516782407407408 0.5873263888888889 0.062268518518518515 0.08032407407407405
120 0.9594328703703703 0.7423032407407407 0.026128472222222143 0.07352430555555553
102 0.5522569444444445 0.7612847222222221 0.06953125 0.08683449074074083
171 0.023097511574074074 0.864988425925926 0.04619502314814815 0.09580439814814809
102 0.47390046296296295 0.07528935185185186 0.0815393518518519 0.09508101851851851
142 0.2464699074074074 0.08605324074074075 0.09424189814814818 0.10101273148148149
141 0.7650752314814815 0.9344039351851852 0.06672453703703703 0.07424768518518547
171 0.03431712962962963 0.3226851851851852 0.06863425925925926 0.09652777777777785