106 0.48359375 0.14296875 0.0796875 0.05078125
118 0.49453125 0.2671875 0.05546875 0.07578125
180 0.18984375 0.415625 0.0390625 0.0484375
180 0.60390625 0.42890625 0.040625 0.05390625
106 0.23515625 0.4625 0.078125 0.05078125
137 0.7546875 0.47109375 0.03359375 0.04375
137 0.71796875 0.47109375 0.03359375 0.0515625
106 0.6375 0.48203125 0.07578125 0.05
28 0.73203125 0.521875 0.03828125 0.040625
180 0.60625 0.62265625 0.0390625 0.046875
137 0.75546875 0.65859375 0.03203125 0.04921875
137 0.7171875 0.6609375 0.03125 0.04765625
106 0.6375 0.67421875 0.0796875 0.0484375
102 0.2328125 0.69296875 0.05546875 0.0734375
28 0.734375 0.7140625 0.0359375 0.03515625
180 0.415625 0.0828125 0.03984375 0.053125
71 0.47265625 0.8640625 0.05703125 0.07578125