102 0.38124421296296296 0.10724537037037037 0.04833333333333343 0.07864004629629631
53 0.22108796296296296 0.11199074074074074 0.055920138888888894 0.08822337962962963
102 0.5437847222222223 0.11490740740740742 0.046817129629629764 0.07937500000000001
137 0.9577083333333334 0.1049826388888889 0.05380787037037038 0.09206018518518518
10 0.6436458333333333 0.11428819444444445 0.05702546296296305 0.0937152777777778
19 0.8545833333333335 0.10803819444444444 0.05260995370370338 0.08500578703703705
137 0.749849537037037 0.1119212962962963 0.0558275462962964 0.08666087962962962
37 0.20962384259259262 0.2659664351851852 0.05582754629629623 0.08666087962962958
180 0.06377893518518518 0.01706741898148148 0.03645833333333335 0.03413483796296296
123 0.5113368055555556 0.3334548611111111 0.03242476851851848 0.060231481481481455
137 0.8891261574074074 0.3542361111111111 0.049392361111111074 0.08335069444444443
113 0.6947858796296297 0.448900462962963 0.05031250000000007 0.0857175925925926
102 0.580630787037037 0.45384259259259263 0.04336805555555543 0.07381365740740727
9 0.40107638888888886 0.4700810185185185 0.05380787037037038 0.09206018518518526
3 0.3196412037037037 0.47561342592592587 0.0529340277777778 0.09047453703703709
32 0.08815972222222224 0.48637152777777776 0.05674768518518518 0.08902777777777775
137 0.19909722222222223 0.48308449074074067 0.055185185185185184 0.08898148148148159
36 0.8780613425925926 0.5409548611111111 0.05095486111111107 0.08339699074074076
65 0.6854398148148148 0.5934548611111111 0.05196759259259274 0.08732638888888893
102 0.569675925925926 0.599224537037037 0.04644675925925927 0.07312499999999993
3 0.3530150462962963 0.6625752314814815 0.05385416666666672 0.09284143518518526
33 0.8683333333333334 0.718275462962963 0.05362268518518505 0.08893518518518526
6 0.08310185185185186 0.8086111111111111 0.05541666666666667 0.09288773148148159
137 0.19858796296296297 0.8075289351851852 0.05440393518518518 0.08895833333333343
139 0.34619791666666666 0.8039351851851851 0.05684027777777771 0.09059027777777758
64 0.616087962962963 0.8162152777777777 0.055324074074074046 0.0913252314814816
63 0.68921875 0.885017361111111 0.05638310185185169 0.09603587962962976
74 0.5305787037037037 0.8904976851851852 0.05615162037037038 0.09212962962962976
90 0.8563136574074075 0.8816261574074075 0.04727430555555543 0.0739293981481481
39 0.33708333333333335 0.9445833333333333 0.05284143518518523 0.0889120370370371