109 0.06005208333333334 0.2510590277777778 0.071875 0.14340277777777777
102 0.7052083333333334 0.3055902777777778 0.05963541666666679 0.11170138888888888
53 0.4690625 0.3217361111111111 0.07088541666666667 0.12855902777777786
178 0.047265625 0.5072743055555555 0.09453125 0.1448611111111111
95 0.22880208333333335 0.5171354166666667 0.09276041666666668 0.10616319444444429
69 0.7435937499999999 0.540798611111111 0.06421874999999985 0.12203124999999986
55 0.68578125 0.5382291666666668 0.05843750000000014 0.11710069444444429
32 0.35750000000000004 0.5259895833333333 0.07380208333333335 0.1489409722222222
3 0.45739583333333333 0.5319965277777777 0.07494791666666671 0.13107638888888892
28 0.44343749999999993 0.7413715277777777 0.08156250000000007 0.13682291666666657
95 0.8369791666666668 0.7619965277777778 0.10562499999999986 0.12387152777777785