137 0.06238425925925926 0.14418402777777778 0.07688078703703702 0.16490162037037037
137 0.0892650462962963 0.4964988425925926 0.0833912037037037 0.15813078703703703
155 0.2386863425925926 0.20815972222222223 0.0789351851851852 0.16108217592592594
155 0.38874421296296297 0.2033854166666667 0.07719907407407404 0.15868055555555555
66 0.4835069444444445 0.20300925925925925 0.07679398148148149 0.15321180555555552
155 0.6347800925925926 0.19348958333333335 0.0778356481481481 0.16727430555555553
102 0.26533564814814814 0.7054108796296296 0.07745949074074074 0.15167824074074082
53 0.40512152777777777 0.6994502314814814 0.08015046296296298 0.15645254629629618
28 0.5497685185185185 0.6956597222222222 0.08072916666666678 0.16426504629629618
141 0.688599537037037 0.6873842592592593 0.0853587962962962 0.16365740740740745
66 0.830295138888889 0.13611111111111113 0.08127893518518511 0.16116898148148148
137 0.853269675925926 0.4674189814814815 0.07936921296296298 0.15642361111111108
142 0.8770833333333332 0.757175925925926 0.08333333333333356 0.15734953703703702
32 0.9732132523148149 0.29563078703703705 0.05357349537037024 0.16032986111111108