61 0.10705439814814814 0.11039930555555555 0.06580439814814816 0.08843749999999999
61 0.2577893518518518 0.11978009259259259 0.06341435185185187 0.08675347222222221
61 0.41010995370370373 0.12846064814814814 0.06414930555555554 0.08523148148148149
95 0.8612210648148148 0.21992476851851853 0.07795717592592588 0.07736689814814816
137 0.10305555555555557 0.2189525462962963 0.05451967592592592 0.0761516203703704
32 0.25615740740740744 0.22767361111111112 0.06426504629629637 0.08913773148148145
59 0.24532407407407408 0.38203703703703706 0.06093171296296296 0.08194444444444446
148 0.9053530092592592 0.4733796296296296 0.05526041666666685 0.10115162037037032
148 0.7692997685185186 0.47023726851851855 0.05355902777777786 0.09638310185185191
148 0.8372685185185185 0.47376157407407404 0.05355902777777786 0.09638310185185191
55 0.42893518518518514 0.5230092592592592 0.06035879629629619 0.08893518518518526
55 0.05859953703703704 0.5045891203703704 0.06497685185185184 0.08683449074074083
55 0.14922453703703703 0.5092881944444445 0.06419560185185187 0.08679398148148146
55 0.33750578703703704 0.5190509259259259 0.06419560185185187 0.08679398148148146
148 0.7654340277777777 0.6007060185185186 0.05962384259259253 0.09045717592592588
148 0.9013020833333332 0.6100983796296295 0.06146412037037052 0.09991319444444428
148 0.832505787037037 0.6080960648148148 0.05815393518518519 0.09350115740740747
174 0.6800347222222222 0.6573090277777778 0.06585069444444436 0.08999999999999986
174 0.513582175925926 0.6502430555555556 0.060104166666666715 0.08034143518518526
137 0.24212962962962964 0.7011111111111111 0.05311921296296296 0.0815393518518519
55 0.10148148148148148 0.6946006944444445 0.06644675925925925 0.08379050925925924
55 0.38112268518518516 0.7106655092592593 0.06812500000000003 0.08777777777777765
171 0.5560821759259259 0.06091435185185186 0.07221064814814823 0.06770833333333334
128 0.3754398148148148 0.8496469907407409 0.056244212962963044 0.08170138888888871
128 0.09880787037037037 0.8376504629629629 0.05141782407407407 0.07677083333333315
128 0.8956365740740739 0.8805324074074076 0.056336805555555716 0.08482638888888872
128 0.8252777777777777 0.878449074074074 0.06256365740740719 0.08436921296296304
128 0.7557233796296297 0.8756250000000001 0.056475694444444356 0.08951388888888871
50 0.5928298611111111 0.8804803240740741 0.07109375 0.10899305555555543
180 0.008859953703703705 0.3249074074074074 0.01771990740740741 0.05293981481481484