122 0.11171875 0.8538483796296298 0.059531249999999994 0.06258101851851876
28 0.3809895833333333 0.9476331018518518 0.04385416666666666 0.0496412037037036
54 0.6569270833333333 0.9418055555555556 0.03562499999999993 0.04315972222222229
63 0.8075520833333334 0.0895775462962963 0.061302083333333354 0.0657523148148148
125 0.6993750000000001 0.21646412037037038 0.021197916666666573 0.02557870370370372
123 0.2963541666666667 0.22997106481481483 0.021250000000000036 0.02635995370370372
80 0.9103645833333334 0.011248553240740741 0.04281250000000014 0.022497106481481483
58 0.6839583333333333 0.27876157407407404 0.07213541666666679 0.08790509259259256
137 0.22078125 0.3410185185185185 0.06494791666666666 0.08535300925925923
166 0.10614583333333334 0.3475462962962963 0.06484375 0.0720949074074074
55 0.8269791666666666 0.33401620370370366 0.07713541666666686 0.09273148148148155
101 0.5819791666666667 0.41642361111111115 0.03776041666666678 0.04010416666666661
59 0.77671875 0.4372685185185185 0.06057291666666664 0.06651041666666657
59 0.7783333333333333 0.4380034722222222 0.0556770833333335 0.06324652777777792
52 0.45791666666666664 0.45767361111111116 0.03640624999999993 0.031487268518518616
3 0.0840625 0.47423032407407406 0.06770833333333334 0.07997685185185191
102 0.3723958333333333 0.5016956018518519 0.048697916666666605 0.0521238425925926
52 0.5569270833333333 0.5220601851851852 0.03432291666666672 0.023628472222222287
77 0.5204166666666666 0.5262731481481481 0.04281249999999996 0.0340162037037036
57 0.32348832031249997 0.5241623140625 0.27913418437500004 0.525476509375 0.28230593593750003 0.5730527796875 0.326660071875 0.571738584375 0.32348832031249997 0.5241623140625
3 0.20197916666666665 0.5521469907407408 0.056197916666666715 0.07105902777777776
52 0.5306770833333333 0.5979861111111111 0.03677083333333329 0.025260416666666608
52 0.4643229166666666 0.6007349537037037 0.034479166666666575 0.025972222222222285
77 0.5653645833333334 0.6016550925925925 0.02489583333333343 0.04596064814814813
100 0.16020833333333334 0.7122916666666667 0.04588541666666668 0.05671874999999993
52 0.47869791666666667 0.7224247685185186 0.03432291666666672 0.023628472222222287
52 0.6539583333333333 0.8150810185185187 0.026093750000000072 0.01714699074074062
162 0.021875 0.0815451388888889 0.036875000000000005 0.06190972222222222
52 0.57078125 0.8238078703703703 0.03515625 0.024432870370370098
59 0.37796874999999996 0.831869212962963 0.04546875000000004 0.05046874999999993
77 0.5319791666666667 0.828871527777778 0.04031249999999993 0.031603009259259095
110 0.6133333333333333 0.8280266203703703 0.016874999999999928 0.03090856481481481