132 0.021319444444444446 0.1519791666666667 0.03081597222222222 0.05276041666666664
180 0.01859375 0.029322916666666664 0.030850694444444444 0.054322916666666665
55 0.11019097222222222 0.25463541666666667 0.03487847222222222 0.06005208333333334
55 0.11381944444444445 0.4530208333333333 0.038836805555555555 0.06265625000000004
55 0.36520833333333336 0.2864583333333333 0.034079861111111144 0.059218749999999966
55 0.37263888888888885 0.4804166666666666 0.03633680555555561 0.05546875
55 0.5924131944444444 0.2953645833333333 0.03251736111111114 0.059114583333333304
55 0.5999479166666667 0.4940104166666667 0.03328124999999993 0.058385416666666676
55 0.60390625 0.7423437500000001 0.03328124999999993 0.0583854166666665
55 0.37583333333333335 0.7294791666666667 0.036388888888888894 0.0578125
55 0.12079861111111109 0.696875 0.03651041666666668 0.06328125
132 0.03260416666666667 0.5895833333333333 0.028402777777777777 0.04947916666666678
123 0.2072916666666667 0.23614583333333333 0.0258506944444445 0.03994791666666666
123 0.3197222222222222 0.24052083333333335 0.023524305555555534 0.040572916666666715
123 0.4314409722222223 0.24796875 0.026701388888889 0.04312500000000004
123 0.5454861111111111 0.25479166666666664 0.02517361111111107 0.04458333333333329
123 0.5537673611111111 0.45192708333333337 0.023611111111111072 0.044479166666666715
123 0.4397048611111112 0.4443229166666667 0.023541666666666572 0.04135416666666671
123 0.3280034722222222 0.43765625 0.023593750000000035 0.04369791666666671
123 0.21394097222222222 0.43005208333333333 0.02670138888888891 0.04312500000000004
104 0.25121527777777775 0.28197916666666667 0.036493055555555556 0.0625
104 0.25934027777777774 0.4720833333333333 0.03489583333333339 0.06083333333333343
128 0.47449652777777784 0.28984375 0.03326388888888872 0.05760416666666668
128 0.48354166666666665 0.48625000000000007 0.03170138888888889 0.057499999999999926
104 0.26340277777777776 0.7251041666666667 0.03642361111111114 0.059375
128 0.48673611111111115 0.7353125 0.033923611111111106 0.052187500000000143
55 0.12447916666666665 0.8976041666666668 0.03963541666666668 0.06348958333333314
123 0.22614583333333335 0.8739583333333332 0.027465277777777786 0.04239583333333315
123 0.33868055555555554 0.8830208333333334 0.02517361111111107 0.04458333333333329
123 0.45031250000000006 0.8865624999999999 0.026041666666666786 0.04854166666666657
123 0.5643576388888889 0.8933854166666666 0.02602430555555557 0.04776041666666657
55 0.6113194444444445 0.9355208333333334 0.03482638888888889 0.05770833333333343
128 0.4949652777777779 0.9301041666666666 0.037152777777777854 0.057083333333333285
55 0.3840625 0.9242708333333333 0.033333333333333305 0.060729166666666855
104 0.2716145833333333 0.9191145833333334 0.03409722222222218 0.060000000000000143
123 0.2171527777777778 0.6798958333333334 0.02510416666666666 0.041458333333333285
123 0.3304166666666667 0.6866666666666668 0.027430555555555534 0.0408333333333335
123 0.4420833333333333 0.6917708333333333 0.029131944444444356 0.04718750000000007
123 0.5561631944444445 0.70015625 0.026805555555555572 0.047812499999999855
173 0.7174131944444444 0.8653645833333332 0.039583333333333394 0.06114583333333314
173 0.7052256944444444 0.42223958333333333 0.035798611111111 0.06635416666666671
50 0.7656597222222222 0.6142708333333333 0.032447916666666646 0.05598958333333339