102 0.8957175925925925 0.1796875 0.06657986111111107 0.13125
3 0.590480324074074 0.48125 0.06452546296296298 0.1390625
102 0.9085069444444445 0.4828125 0.06600115740740727 0.13671875
3 0.0671875 0.48515625 0.06597222222222224 0.1359375
102 0.22743055555555552 0.4875 0.0604456018518519 0.134375
53 0.992404513888889 0.49140625 0.015190972222222144 0.13671875
97 0.7489293981481481 0.77265625 0.05801504629629619 0.13203125
102 0.9165798611111111 0.78515625 0.06258680555555571 0.12890625
140 0.9960792824074074 0.7859375 0.00784143518518512 0.1390625
102 0.6370081018518519 0.78828125 0.06495949074074084 0.1296875
53 0.3029513888888889 0.88125 0.059693287037037024 0.15625
140 0.1804976851851852 0.88671875 0.06822916666666665 0.13359375
97 0.14927662037037037 0.0859375 0.057378472222222233 0.1359375
128 0.2125868055555556 0.08671875 0.06114004629629628 0.13203125
128 0.7232060185185185 0.1625 0.06519097222222214 0.1359375
102 0.618113425925926 0.17265625 0.06770833333333322 0.140625