180 0.12442129629629628 0.1432986111111111 0.05103587962962965 0.05914930555555555
112 0.18464120370370368 0.2871006944444444 0.05757523148148147 0.09060763888888887
125 0.17050347222222223 0.22036458333333334 0.032928240740740744 0.05600694444444443
125 0.45575231481481476 0.2092534722222222 0.0281944444444445 0.05501736111111111
125 0.4686342592592593 0.4530729166666667 0.0272743055555555 0.05263888888888886
125 0.18591435185185184 0.46720486111111104 0.03628472222222223 0.06005208333333343
95 0.38772569444444444 0.18486111111111111 0.045943287037037095 0.07840277777777778
12 0.3932349537037037 0.2778298611111111 0.05135995370370372 0.06461805555555555
12 0.4095775462962963 0.5536111111111112 0.04934027777777779 0.06998263888888889
112 0.4027719907407407 0.43876736111111114 0.05021990740740741 0.0848263888888889
55 0.47739004629629633 0.29680555555555554 0.06631365740740733 0.1065798611111111
55 0.2804571759259259 0.2781423611111111 0.0650231481481482 0.09795138888888885
112 0.5973263888888889 0.27189236111111115 0.05660879629629623 0.08744791666666671
137 0.7514351851851852 0.5196180555555555 0.05431712962962969 0.10137152777777772
102 0.8328703703703703 0.5191319444444444 0.060243055555555716 0.09618055555555571
65 0.9314467592592592 0.5171006944444445 0.057349537037037025 0.09994791666666672
100 0.9160995370370368 0.3109895833333333 0.06304976851851833 0.1040972222222222
27 0.9417534722222222 0.7571180555555556 0.059097222222222 0.10314236111111122
53 0.5681886574074074 0.6922569444444445 0.04024305555555561 0.07425347222222207
53 0.1955324074074074 0.7088194444444444 0.04134259259259263 0.06651041666666675
46 0.26359374999999996 0.7073611111111111 0.04819444444444443 0.0769444444444444
131 0.33234375 0.7043055555555556 0.04534722222222225 0.08149305555555557