139 0.28671875 0.29375 0.06640625 0.146875
6 0.190625 0.2953125 0.075 0.14453125
53 0.93671875 0.4078125 0.07109375 0.14453125
102 0.765625 0.4109375 0.07578125 0.14609375
180 0.50703125 0.04453125 0.01953125 0.04609375
3 0.5640625 0.4578125 0.07109375 0.13515625
171 0.05703125 0.4890625 0.08828125 0.178125
87 0.40234375 0.51796875 0.046875 0.0578125
102 0.7671875 0.60390625 0.0734375 0.1484375
28 0.93515625 0.82421875 0.08203125 0.146875
87 0.765625 0.8265625 0.07109375 0.14609375
37 0.5640625 0.13671875 0.07109375 0.13984375
171 0.05390625 0.1359375 0.08515625 0.14609375