109 0.95703125 0.2453125 0.0546875 0.11953125
59 0.67109375 0.28125 0.06171875 0.08828125
180 0.02734375 0.0296875 0.0546875 0.059375
180 0.2015625 0.03203125 0.05625 0.0640625
55 0.06328125 0.3390625 0.07421875 0.1078125
55 0.38359375 0.5125 0.07734375 0.103125
55 0.27578125 0.51640625 0.0828125 0.1203125
55 0.6203125 0.51953125 0.078125 0.1078125
55 0.79375 0.5203125 0.07734375 0.10390625
55 0.48359375 0.521875 0.07421875 0.10703125
96 0.175 0.57421875 0.0546875 0.0875
148 0.06640625 0.62734375 0.053125 0.09609375
55 0.275 0.709375 0.078125 0.10546875
171 0.9546875 0.07421875 0.07265625 0.09375
128 0.790625 0.78203125 0.059375 0.08984375
128 0.59609375 0.7875 0.059375 0.09140625
62 0.409375 0.79140625 0.08203125 0.11171875
137 0.46328125 0.125 0.0765625 0.12109375
136 0.79453125 0.12578125 0.0671875 0.1109375
32 0.66953125 0.12890625 0.07734375 0.10703125
55 0.05703125 0.153125 0.078125 0.11328125
173 0.16953125 0.1546875 0.05078125 0.0921875
28 0.34140625 0.22265625 0.08046875 0.11796875