32 0.3234375 0.1609375 0.04140625 0.065625
3 0.36484375 0.3078125 0.04140625 0.06796875
102 0.7546875 0.309375 0.04140625 0.0703125
3 0.86875 0.309375 0.04140625 0.0703125
102 0.2515625 0.309375 0.04140625 0.0671875
96 0.16875 0.31015625 0.04375 0.07265625
96 0.671875 0.31171875 0.04375 0.075
171 0.540625 0.034375 0.05 0.06875
125 0.5578125 0.45390625 0.03203125 0.04921875
125 0.8125 0.45390625 0.0265625 0.04296875
125 0.05390625 0.4546875 0.03203125 0.046875
125 0.30625 0.4546875 0.03046875 0.04453125
1 0.75390625 0.4546875 0.046875 0.07265625
1 0.2515625 0.4578125 0.04921875 0.07109375
112 0.11328125 0.496875 0.0453125 0.07265625
112 0.86875 0.4984375 0.04453125 0.06796875
112 0.61640625 0.4984375 0.04296875 0.06875
112 0.365625 0.50078125 0.04296875 0.065625
123 0.30703125 0.60390625 0.028125 0.046875
123 0.55703125 0.6046875 0.02734375 0.04453125
123 0.8109375 0.60546875 0.03046875 0.0390625
123 0.053125 0.60625 0.02734375 0.04453125
64 0.0419949234375 0.6833122031250001 0.0825736046875 0.6833122031250001 0.0825736046875 0.6270522984375 0.0419949234375 0.6270522984375 0.0419949234375 0.6833122031250001
64 0.5445329953125 0.6843660859375 0.587263959375 0.6843660859375 0.587263959375 0.628629159375 0.5445329953125 0.628629159375 0.5445329953125 0.6843660859375
137 0.31484375 0.8703125 0.053125 0.084375
28 0.17265625 0.87109375 0.05 0.08515625
28 0.67734375 0.871875 0.04765625 0.07734375
27 0.7546875 0.87265625 0.0546875 0.0765625
65 0.5890625 0.8734375 0.06171875 0.075
137 0.81953125 0.87421875 0.0546875 0.0765625
27 0.25234375 0.875 0.053125 0.07734375
65 0.08359375 0.87890625 0.05546875 0.071875
180 0.0140625 0.11484375 0.028125 0.04453125
136 0.23203125 0.1578125 0.03984375 0.0671875