61 0.15390625 0.15390625 0.05859375 0.0796875
61 0.29453125 0.15546875 0.05703125 0.07734375
61 0.4359375 0.15625 0.0578125 0.0765625
95 0.8578125 0.21953125 0.0703125 0.06875
137 0.15234375 0.25546875 0.0484375 0.06875
32 0.2953125 0.25625 0.0578125 0.0796875
59 0.28984375 0.40078125 0.0546875 0.0734375
148 0.90625 0.453125 0.0484375 0.0921875
148 0.77890625 0.45703125 0.04765625 0.0875
148 0.84296875 0.45703125 0.046875 0.0875
55 0.4640625 0.52265625 0.05390625 0.08046875
55 0.11953125 0.5234375 0.05859375 0.078125
55 0.20390625 0.5234375 0.05703125 0.078125
55 0.3796875 0.5234375 0.0578125 0.078125
148 0.77890625 0.57890625 0.053125 0.08125
148 0.90625 0.58125 0.0546875 0.08984375
148 0.8421875 0.58203125 0.0515625 0.084375
174 0.7015625 0.6359375 0.059375 0.08046875
174 0.546875 0.6375 0.05390625 0.071875
137 0.2953125 0.69765625 0.04765625 0.0734375
55 0.1640625 0.6984375 0.059375 0.075
55 0.425 0.7 0.0609375 0.07890625
171 0.5703125 0.07421875 0.06484375 0.0859375
128 0.4234375 0.8296875 0.05 0.0734375
128 0.165625 0.83203125 0.0453125 0.06953125
128 0.90859375 0.8328125 0.05 0.0765625
128 0.84296875 0.834375 0.05625 0.07578125
128 0.778125 0.83515625 0.05078125 0.08125
50 0.6265625 0.84765625 0.06328125 0.0984375
180 0.05 0.36015625 0.053125 0.0484375