55 0.9019328703703703 0.35105902777777775 0.059971064814814665 0.10473958333333337
132 0.4148321759259259 0.04506944444444445 0.042210648148148164 0.054861111111111104
95 0.21952546296296296 0.3403125 0.10341435185185191 0.1409548611111111
3 0.47507523148148145 0.3767361111111111 0.0878414351851852 0.15428819444444447
125 0.7337673611111111 0.4790972222222223 0.04051504629629612 0.0656944444444445
1 0.8945081018518518 0.5160069444444445 0.056064814814814665 0.10456597222222222
55 0.88828125 0.6739583333333333 0.05698495370370367 0.10694444444444447
180 0.4544386574074074 0.6985416666666666 0.07609953703703702 0.10078125
95 0.6335995370370371 0.9503081597222222 0.10989004629629626 0.09938368055555565
102 0.6133796296296297 0.118125 0.0886226851851852 0.15432291666666664
109 0.04245949074074074 0.11625 0.052077546296296295 0.12932291666666665
123 0.752337962962963 0.1525 0.03996527777777779 0.06956597222222224
102 0.9087557870370372 0.19626736111111112 0.056753472222222004 0.10303819444444447