137 0.6734375 0.1734375 0.065625 0.10234375
137 0.51328125 0.1734375 0.07265625 0.10625
136 0.36796875 0.1734375 0.0671875 0.103125
28 0.928125 0.17578125 0.06796875 0.0921875
136 0.24609375 0.178125 0.06640625 0.09921875
171 0.03515625 0.296875 0.06640625 0.1
180 0.27421875 0.0328125 0.0640625 0.065625
177 0.1015625 0.35859375 0.05390625 0.0890625
109 0.03359375 0.42578125 0.0546875 0.115625
102 0.521875 0.43203125 0.06953125 0.09453125
102 0.52578125 0.54609375 0.0640625 0.0921875
53 0.928125 0.6171875 0.06875 0.09296875
3 0.24453125 0.621875 0.08203125 0.0984375
102 0.525 0.659375 0.078125 0.09296875
160 0.934375 0.74453125 0.05390625 0.07109375
102 0.52265625 0.7640625 0.0734375 0.090625
102 0.52265625 0.86484375 0.06328125 0.08984375