137 0.14438078703703705 0.36208333333333337 0.06795717592592591 0.15875000000000003
137 0.4848668981481482 0.35234953703703703 0.06597800925925927 0.14466435185185186
137 0.7888194444444444 0.3494097222222222 0.06701388888888893 0.15326967592592594
102 0.29962384259259256 0.5895717592592593 0.0668055555555556 0.14623842592592595
38 0.2819386574074074 0.09821180555555556 0.06627893518518517 0.15482060185185187
128 0.2024826388888889 0.8458101851851852 0.0693807870370371 0.154085648148148
131 0.3048958333333333 0.8466377314814816 0.07105902777777776 0.1580150462962962
53 0.39706018518518515 0.8444907407407408 0.07006944444444443 0.15097222222222229
84 0.6138888888888889 0.3543460648148148 0.06542824074074076 0.1524652777777778
106 0.06559027777777779 0.36715856481481485 0.07273726851851851 0.16194444444444445
144 0.6980092592592593 0.3445023148148148 0.06526620370370359 0.14699652777777777
10 0.2912615740740741 0.3864814814814815 0.07098958333333334 0.15567129629629636
144 0.8802488425925926 0.3488368055555555 0.06453124999999993 0.1485474537037037
116 0.9641840277777778 0.33274305555555556 0.0568807870370371 0.15390046296296295
53 0.05122106481481481 0.8582118055555557 0.05552083333333333 0.1343576388888888
53 0.12151041666666666 0.8563888888888889 0.057494212962962976 0.12189236111111121