32 0.2892650462962963 0.09283564814814815 0.0482175925925926 0.07241319444444443
3 0.3256134259259259 0.2493287037037037 0.04829861111111109 0.07397569444444443
102 0.7435416666666667 0.23772569444444444 0.048420138888888783 0.07631944444444443
3 0.8661979166666667 0.2340914351851852 0.048420138888888783 0.07631944444444443
102 0.2036574074074074 0.25450231481481483 0.048258101851851795 0.07319444444444442
96 0.11533564814814815 0.2578993055555555 0.05092592592592595 0.07951388888888893
96 0.6550983796296297 0.24346643518518524 0.05104745370370374 0.08185763888888893
125 0.524542824074074 0.39944444444444444 0.03708912037037031 0.05336226851851844
125 0.7979803240740739 0.39134259259259263 0.030515046296296332 0.046927083333333286
125 0.0008405671296296283 0.4145196759259259 0.0016811342592592566 0.051429398148148134
125 0.2549710648148148 0.4082118055555556 0.03528356481481483 0.04862847222222229
1 0.7346585648148147 0.3939988425925926 0.05483217592592595 0.07962962962962958
1 0.19621527777777778 0.4130729166666667 0.05709490740740737 0.07813657407407408
112 0.04559027777777778 0.45965856481481476 0.05248842592592593 0.07956018518518526
112 0.8556655092592592 0.4372164351851852 0.051423611111111 0.07406828703703709
112 0.5853125 0.44600694444444444 0.050723379629629764 0.07560763888888893
112 0.31570023148148146 0.45555555555555555 0.04973958333333339 0.07167824074074076
123 0.24666666666666667 0.5683680555555555 0.033061342592592524 0.05090277777777778
123 0.5153761574074074 0.5611863425925926 0.032199074074074116 0.04931712962962962
123 0.7879918981481481 0.553888888888889 0.03500000000000014 0.04315972222222229
64 0.5465621171875 0.5860506515624999 0.50071244375 0.5874091609375001 0.4976110328125 0.6472220859375 0.54346070625 0.6458635765625 0.5465621171875 0.5860506515624999
137 0.24121527777777776 0.8540277777777778 0.06173032407407408 0.09231481481481474
28 0.0880497685185185 0.8593460648148149 0.05864583333333333 0.09300347222222242
28 0.6294155092592593 0.8440856481481482 0.05585648148148152 0.08434027777777757
27 0.7129282407407407 0.8431712962962962 0.06284722222222214 0.08376736111111142
65 0.5347627314814816 0.8492303240740741 0.07057870370370374 0.08243634259259273
137 0.7823784722222222 0.8426736111111112 0.06284722222222232 0.08376736111111108
27 0.17378472222222222 0.8607060185185185 0.06132523148148148 0.08450231481481474
65 0.012012442129629628 0.8699826388888889 0.024024884259259256 0.07910300925925924
136 0.19181134259259258 0.09182291666666667 0.04669560185185184 0.07314814814814814