137 0.26841435185185186 0.19821180555555556 0.09072337962962962 0.13873842592592595
137 0.47778935185185184 0.1951099537037037 0.04947337962962965 0.09597222222222221
180 0.1904861111111111 0.030554108796296296 0.041481481481481494 0.06110821759259259
179 0.9041145833333333 0.35897569444444444 0.08586226851851855 0.15037615740740734
74 0.6090972222222222 0.3727141203703704 0.09170717592592581 0.14265625
160 0.8097974537037036 0.3713020833333333 0.06783564814814795 0.11888310185185187
171 0.03173032407407407 0.38832175925925927 0.06346064814814814 0.10794560185185187
160 0.8021585648148146 0.593900462962963 0.06813078703703682 0.10951967592592596
59 0.24093749999999997 0.6076793981481481 0.09141203703703704 0.15201967592592602
74 0.5994097222222222 0.6047106481481481 0.0869386574074074 0.14102430555555562
160 0.7890798611111111 0.8009664351851852 0.06821180555555557 0.11108217592592595
74 0.5849305555555555 0.8086747685185186 0.0916666666666666 0.14187499999999992