55 0.0953125 0.3578125 0.0296875 0.0328125
55 0.096875 0.21640625 0.03203125 0.0328125
55 0.14296875 0.21484375 0.034375 0.0328125
55 0.2921875 0.215625 0.0359375 0.034375
55 0.3421875 0.215625 0.03515625 0.0328125
96 0.23515625 0.1359375 0.034375 0.03046875
137 0.16484375 0.08515625 0.0296875 0.03046875
112 0.09765625 0.2609375 0.0328125 0.0328125
112 0.29296875 0.26171875 0.0328125 0.034375
128 0.09375 0.40703125 0.0328125 0.03203125
128 0.290625 0.40625 0.028125 0.0390625
55 0.29453125 0.35703125 0.03359375 0.0328125
1 0.2359375 0.24140625 0.0296875 0.028125
1 0.2328125 0.28828125 0.03125 0.03125
125 0.06640625 0.18671875 0.025 0.03046875
125 0.2609375 0.18515625 0.021875 0.03046875
123 0.0671875 0.32734375 0.0265625 0.02578125
123 0.2609375 0.32734375 0.02421875 0.02421875
132 0.53203125 0.01015625 0.0203125 0.0203125
132 0.009375 0.009375 0.01875 0.01875
136 0.23515625 0.02578125 0.03203125 0.034375
132 0.009375 0.55703125 0.01875 0.0234375
125 0.06796875 0.6859375 0.02421875 0.02421875
96 0.2359375 0.634375 0.0265625 0.028125
174 0.2359375 0.690625 0.0265625 0.03046875
1 0.23515625 0.7375 0.028125 0.0296875
12 0.13203125 0.715625 0.0234375 0.025
12 0.32734375 0.715625 0.02578125 0.021875
125 0.2625 0.6859375 0.021875 0.021875
123 0.06796875 0.83359375 0.02109375 0.02265625
123 0.2625 0.8328125 0.021875 0.02265625
128 0.290625 0.86328125 0.0265625 0.03046875
128 0.15390625 0.8625 0.02578125 0.03046875
128 0.096875 0.8625 0.02578125 0.03203125
69 0.43125 0.80703125 0.02734375 0.03046875
132 0.53203125 0.55859375 0.0203125 0.02265625
3 0.57109375 0.6140625 0.0296875 0.03203125
3 0.62734375 0.6140625 0.02890625 0.028125
3 0.5703125 0.66875 0.02890625 0.02890625
3 0.62734375 0.66953125 0.028125 0.02734375
3 0.5703125 0.72421875 0.02578125 0.028125
102 0.696875 0.61484375 0.0296875 0.0296875
102 0.74296875 0.61484375 0.03046875 0.0296875
102 0.78828125 0.61484375 0.02734375 0.0296875
102 0.69609375 0.6703125 0.03046875 0.03125
102 0.7421875 0.66953125 0.03203125 0.0296875
102 0.78671875 0.66875 0.0328125 0.0328125
102 0.696875 0.72421875 0.02890625 0.03125
102 0.74140625 0.725 0.03125 0.03125
102 0.7890625 0.725 0.02890625 0.0296875
160 0.85390625 0.6140625 0.0296875 0.03203125
160 0.90390625 0.6140625 0.028125 0.03203125
160 0.95390625 0.6140625 0.0296875 0.03203125
160 0.85390625 0.66953125 0.028125 0.03203125
160 0.903125 0.66875 0.03203125 0.03203125
160 0.95390625 0.66953125 0.02890625 0.03046875
136 0.56953125 0.83828125 0.0328125 0.028125
137 0.71640625 0.8109375 0.02421875 0.0296875
137 0.7171875 0.875 0.02890625 0.0328125
137 0.8140625 0.8375 0.02734375 0.0296875
137 0.8703125 0.83671875 0.02734375 0.03046875
137 0.92421875 0.83828125 0.028125 0.028125
137 0.92421875 0.90078125 0.02734375 0.02890625
137 0.86953125 0.90078125 0.02421875 0.03359375
137 0.81328125 0.9015625 0.02890625 0.03203125
32 0.64375 0.83828125 0.0296875 0.0328125
32 0.64296875 0.94609375 0.02734375 0.03046875
137 0.7171875 0.9484375 0.0296875 0.0265625
137 0.81328125 0.9625 0.028125 0.03046875
137 0.8703125 0.9640625 0.0265625 0.0296875
32 0.23515625 0.08671875 0.0265625 0.028125
44 0.83125 0.0328125 0.02890625 0.03125
174 0.83046875 0.08515625 0.02734375 0.0296875
96 0.7578125 0.13671875 0.03125 0.03125
173 0.8296875 0.1359375 0.0296875 0.0328125
125 0.58828125 0.1875 0.0203125 0.0234375
125 0.7828125 0.18828125 0.02109375 0.0234375
174 0.75546875 0.21640625 0.02734375 0.0296875
112 0.621875 0.21640625 0.03046875 0.03125
123 0.7828125 0.2796875 0.01953125 0.021875
123 0.5890625 0.2796875 0.02109375 0.02109375
130 0.80390625 0.3125 0.0296875 0.02734375
55 0.62109375 0.34375 0.02890625 0.03125
55 0.67421875 0.34375 0.02734375 0.0296875
55 0.62109375 0.38828125 0.03125 0.0296875
55 0.6734375 0.3890625 0.02890625 0.0296875
12 0.65859375 0.3046875 0.01796875 0.01875
55 0.29296875 0.75546875 0.0296875 0.0296875
55 0.35390625 0.75703125 0.03046875 0.03046875
55 0.09921875 0.759375 0.02890625 0.03046875
55 0.15625 0.759375 0.03203125 0.03125