72 0.477361111111111 0.3132986111111111 0.03983796296296305 0.08112847222222222
36 0.7891608796296297 0.3447337962962963 0.06641203703703695 0.13573495370370373
132 0.01953125 0.04765625 0.0390625 0.0953125
55 0.45379050925925934 0.5034259259259259 0.05737847222222214 0.1203819444444445
64 0.36863425925925924 0.5084722222222222 0.06965277777777779 0.1398263888888888
55 0.5147048611111111 0.5005960648148149 0.05315393518518512 0.13572916666666668
48 0.8373958333333335 0.5329456018518519 0.05655092592592581 0.11877314814814817
1 0.2107986111111111 0.6238888888888889 0.06324074074074079 0.13398726851851847
55 0.47477430555555555 0.690133101851852 0.07723958333333325 0.15899305555555543
55 0.36137731481481483 0.7007523148148149 0.06983796296296294 0.1460763888888888
102 0.8361516203703705 0.7591840277777778 0.05275462962962933 0.09593171296296302
75 0.615943287037037 0.08438078703703704 0.07227430555555561 0.14934027777777778
73 0.4619675925925925 0.0958449074074074 0.059126157407407474 0.12672453703703704
134 0.3049131944444444 0.10593171296296297 0.05905671296296298 0.12438078703703703
28 0.07704861111111111 0.1896238425925926 0.06730902777777777 0.13968749999999996
14 0.7325983796296296 0.20068865740740743 0.04468750000000003 0.08687500000000004