171 0.023057002314814813 0.5115046296296296 0.046114004629629626 0.16671296296296295
136 0.11576967592592594 0.5203761574074074 0.08098958333333335 0.14493055555555542
3 0.3053125 0.1662673611111111 0.06925925925925931 0.11776620370370372
102 0.400763888888889 0.16957175925925924 0.06709490740740734 0.10751736111111114
53 0.3921875 0.34075810185185185 0.05992476851851851 0.1047569444444445
53 0.3703877314814815 0.6953993055555555 0.06930555555555555 0.11854745370370381
102 0.35813078703703705 0.875775462962963 0.06259259259259267 0.11036458333333314
3 0.2625868055555556 0.8740335648148149 0.06774305555555556 0.11845486111111114
136 0.5657291666666666 0.5344965277777778 0.08673611111111104 0.14994212962962958
1 0.7181712962962963 0.21111689814814816 0.06465856481481484 0.10581597222222223
3 0.7067013888888889 0.37821180555555556 0.06171875 0.10875578703703699
1 0.6931018518518519 0.6870833333333334 0.06604166666666664 0.11601851851851848
3 0.677951388888889 0.8633680555555555 0.06176504629629633 0.10953703703703717
55 0.8007754629629631 0.6958159722222221 0.061076388888889 0.11105324074074083
55 0.8279571759259259 0.22389467592592593 0.0578125 0.1085243055555555
102 0.8199363425925925 0.3857060185185185 0.060248842592592666 0.1102256944444445
102 0.7895775462962963 0.871550925925926 0.06452546296296298 0.1167071759259258
128 0.9420659722222222 0.2298726851851852 0.058547453703703664 0.10778935185185183
53 0.9294039351851853 0.390625 0.06222800925925931 0.11734953703703699
128 0.9126793981481482 0.6993113425925925 0.05886574074074069 0.10002314814814817
53 0.8991377314814816 0.8749074074074074 0.06475694444444428 0.1206134259259258