37 0.12480324074074074 0.6143923611111111 0.045353009259259246 0.05744791666666664
145 0.12671875 0.6909201388888888 0.03904513888888887 0.053263888888889
29 0.8613136574074074 0.673125 0.039849537037036954 0.05486111111111107
87 0.1263136574074074 0.7691145833333334 0.04536458333333333 0.058229166666666644
128 0.5966724537037037 0.7513368055555556 0.04616898148148145 0.059826388888888894
128 0.4232581018518518 0.7606076388888889 0.041458333333333285 0.05805555555555557
136 0.36150462962962965 0.12777777777777777 0.046238425925925954 0.0645138888888889
18 0.36205439814814816 0.21765625000000002 0.04467592592592595 0.06444444444444439
180 0.07694444444444444 0.23345486111111108 0.04671875000000001 0.04423611111111114
125 0.27262152777777776 0.3021527777777778 0.013593750000000071 0.021684027777777715
59 0.5125868055555556 0.3524652777777778 0.04298611111111121 0.055781249999999984
137 0.1212962962962963 0.3776736111111111 0.043790509259259244 0.05737847222222214
36 0.8579282407407408 0.39184027777777775 0.04299768518518547 0.05656250000000007
63 0.12331597222222221 0.4612326388888889 0.043032407407407366 0.05890625000000007
123 0.27569444444444446 0.4568055555555556 0.013582175925925987 0.020902777777777715
58 0.4916666666666666 0.47065972222222224 0.026302083333333216 0.03630208333333336
22 0.12289930555555555 0.5386458333333334 0.04380208333333333 0.05815972222222214
33 0.8590104166666667 0.51765625 0.04226273148148145 0.05965277777777782
42 0.4036574074074074 0.5457118055555557 0.03873263888888889 0.032170138888889
42 0.34116898148148145 0.5492708333333333 0.040306712962962975 0.0330208333333335
42 0.46695023148148146 0.5436805555555556 0.04108796296296298 0.033055555555555574
42 0.6349189814814815 0.5362152777777778 0.038697916666666644 0.029826388888889
42 0.6966377314814814 0.5334722222222222 0.03792824074074073 0.03057291666666657
42 0.5724421296296296 0.5405555555555555 0.03713541666666664 0.0297569444444445