37 0.24375 0.20234375 0.07109375 0.16640625
102 0.4328125 0.2953125 0.07734375 0.1640625
145 0.61640625 0.29609375 0.07421875 0.1703125
98 0.85234375 0.30234375 0.07421875 0.165625
171 0.0234375 0.41484375 0.040625 0.1046875
32 0.24609375 0.428125 0.07265625 0.165625
123 0.54453125 0.61796875 0.03203125 0.07578125
123 0.76875 0.62109375 0.03203125 0.0703125
180 0.14296875 0.07109375 0.0375 0.08203125
3 0.38203125 0.72109375 0.07265625 0.1671875
176 0.2453125 0.725 0.0734375 0.16328125
102 0.61640625 0.7296875 0.06953125 0.16171875
128 0.8484375 0.7328125 0.0703125 0.1625