171 0.959375 0.23828125 0.08125 0.1390625
102 0.2015625 0.28046875 0.096875 0.15078125
3 0.35 0.28125 0.10390625 0.1828125
53 0.05625 0.28359375 0.1015625 0.16640625
32 0.715625 0.34765625 0.08203125 0.121875
29 0.23359375 0.64375 0.07890625 0.11328125
87 0.334375 0.64765625 0.05234375 0.1359375
141 0.6765625 0.6484375 0.0765625 0.121875
142 0.78359375 0.6484375 0.08359375 0.1171875
136 0.55703125 0.65 0.0828125 0.125
137 0.43515625 0.65078125 0.0921875 0.13671875
81 0.0828125 0.82734375 0.08203125 0.11875
36 0.2078125 0.8296875 0.09296875 0.11796875
28 0.31953125 0.834375 0.08125 0.11640625
37 0.5140625 0.17109375 0.09375 0.13515625