163 0.06171875 0.2359375 0.04453125 0.10703125
177 0.0609375 0.66796875 0.0546875 0.09765625
180 0.15703125 0.06953125 0.0296875 0.0546875
166 0.20234375 0.18984375 0.06640625 0.121875
137 0.38828125 0.19296875 0.0734375 0.12734375
74 0.54921875 0.19453125 0.06953125 0.11328125
74 0.27734375 0.4921875 0.06875 0.125
74 0.48671875 0.42109375 0.0734375 0.1234375
74 0.45078125 0.62890625 0.07265625 0.121875
104 0.23203125 0.6265625 0.0734375 0.1296875
74 0.23828125 0.8359375 0.06953125 0.11875
3 0.46015625 0.83359375 0.06796875 0.11796875
59 0.60625 0.83828125 0.06875 0.12265625
104 0.75078125 0.19609375 0.065625 0.11640625
64 0.753125 0.8328125 0.06953125 0.12109375
128 0.89609375 0.84296875 0.0703125 0.11953125
102 0.89140625 0.6 0.06796875 0.11953125
141 0.884375 0.3953125 0.06875 0.1234375
28 0.88359375 0.19140625 0.0671875 0.11953125