109 0.115625 0.26796875 0.0328125 0.08671875
95 0.11484375 0.4203125 0.0640625 0.0765625
109 0.11640625 0.58046875 0.046875 0.08671875
136 0.26171875 0.4234375 0.0484375 0.078125
180 0.340625 0.27578125 0.059375 0.07890625
137 0.3921875 0.59921875 0.04296875 0.0796875
59 0.61171875 0.2625 0.04296875 0.07265625
12 0.61171875 0.38671875 0.03828125 0.0609375
12 0.6984375 0.38671875 0.0359375 0.06328125
59 0.65625 0.51875 0.0421875 0.07265625
12 0.63515625 0.65703125 0.0296875 0.05625
12 0.67421875 0.65859375 0.03359375 0.0625
54 0.6375 0.73828125 0.028125 0.053125
54 0.675 0.7421875 0.0296875 0.05390625
28 0.8375 0.51171875 0.046875 0.07890625
27 0.83515625 0.6578125 0.05625 0.06875
169 0.8359375 0.8140625 0.0578125 0.103125
128 0.6109375 0.83203125 0.040625 0.0625
128 0.70078125 0.83125 0.03984375 0.065625