59 0.37567708333333333 0.23000578703703703 0.04630208333333332 0.07405092592592588
59 0.35359375000000004 0.6081770833333333 0.04963541666666664 0.07722222222222222
176 0.23036458333333334 0.41553819444444445 0.04890625000000002 0.07799189814814814
176 0.49677083333333333 0.41948495370370364 0.050572916666666676 0.07957754629629629
55 0.21401041666666668 0.8016145833333332 0.05046875000000002 0.07801504629629648
55 0.4721875 0.7999652777777777 0.04906249999999997 0.08033564814814831
12 0.34458333333333335 0.7785243055555556 0.05119791666666664 0.07724537037037038
123 0.19072916666666667 0.30625 0.03708333333333336 0.05284143518518523
123 0.1678125 0.6969212962962963 0.03572916666666668 0.06765046296296298
96 0.7210416666666667 0.5979803240740741 0.04916666666666671 0.08189814814814814
123 0.14989583333333334 0.9656712962962963 0.03286458333333338 0.05980324074074091
95 0.90296875 0.5787789351851852 0.12666666666666657 0.13221643518518517