28 0.8509085648148147 0.1233275462962963 0.06718171296296305 0.09264467592592593
53 0.5923437500000001 0.16428819444444445 0.07141203703703702 0.09814236111111115
102 0.4274537037037037 0.16629050925925926 0.07398726851851851 0.10206597222222227
3 0.27970486111111115 0.16894675925925925 0.07375578703703703 0.09815972222222222
180 0.19889467592592594 0.004774305555555555 0.02408564814814813 0.00954861111111111
179 0.8443229166666667 0.2608159722222222 0.07053819444444435 0.096574074074074
81 0.6839120370370371 0.3190104166666667 0.07711226851851852 0.10208912037037035
102 0.4171064814814815 0.39361111111111113 0.07233217592592585 0.10049189814814818
3 0.2700925925925926 0.3970428240740741 0.07076967592592594 0.1004803240740741
141 0.5699594907407407 0.5947337962962963 0.07200810185185187 0.09502314814814809
132 0.22015625 0.04053819444444444 0.02221064814814815 0.032181712962962974
81 0.6630497685185185 0.7369502314814815 0.0758217592592592 0.09348958333333339
53 0.5574131944444444 0.8064525462962961 0.07067708333333336 0.09891782407407419
3 0.24564814814814814 0.8095428240740741 0.07311342592592593 0.10049768518518505
102 0.3909606481481481 0.8084664351851851 0.07136574074074069 0.09736111111111115
81 0.697019675925926 0.08464120370370369 0.07518518518518516 0.10910300925925927