3 0.32285879629629627 0.20456018518518518 0.0872280092592593 0.1911979166666667
102 0.5023842592592592 0.20635416666666667 0.09319444444444436 0.18577546296296302
137 0.684375 0.20578703703703702 0.09249421296296294 0.18733217592592588
102 0.8695023148148149 0.32546296296296295 0.09010995370370374 0.18653356481481484
129 0.1975810185185185 0.48194444444444445 0.035920138888888876 0.07523726851851861
177 0.01751736111111111 0.4927546296296296 0.03503472222222222 0.13791666666666663
6 0.1364525462962963 0.5011400462962963 0.08916666666666666 0.18340277777777772
63 0.8597974537037036 0.5879340277777778 0.089340277777778 0.17168981481481485
102 0.4739872685185185 0.7540104166666667 0.09060763888888897 0.1810706018518518
53 0.65359375 0.7542418981481482 0.0949305555555556 0.17407407407407405
3 0.2933159722222222 0.7592534722222222 0.09023148148148152 0.18887731481481468
180 0.11739583333333334 0.055358796296296295 0.04787037037037036 0.09484953703703702