39 0.03759982638888889 0.8604918981481482 0.07519965277777778 0.1031886574074072
180 0.05440393518518518 0.11049189814814815 0.09125578703703704 0.0881423611111111
142 0.2425925925925926 0.20125 0.14217592592592593 0.12131944444444445
137 0.888605324074074 0.19802662037037036 0.1146296296296299 0.11721064814814816
3 0.5807118055555556 0.20186921296296295 0.12059606481481477 0.1117881944444445
37 0.4134027777777778 0.20545138888888886 0.12203703703703699 0.10945601851851858
53 0.740625 0.20537037037037037 0.10871527777777779 0.10857638888888888
29 0.049299768518518514 0.3659548611111111 0.09859953703703703 0.10704861111111104
102 0.8108159722222222 0.4180497685185185 0.1365856481481483 0.11893518518518516
102 0.627800925925926 0.42331018518518526 0.11524884259259256 0.11409143518518512
102 0.45350115740740743 0.4261631944444444 0.11442708333333336 0.11330439814814816
102 0.2627951388888889 0.4291377314814815 0.11764467592592594 0.10005208333333329
55 0.519230324074074 0.034240451388888885 0.12950810185185196 0.06848090277777777
27 0.04779079861111111 0.5268634259259259 0.09558159722222222 0.10160300925925939
123 0.7537789351851851 0.5691956018518518 0.05472222222222225 0.06131944444444439
123 0.17462962962962963 0.5781712962962964 0.058090277777777775 0.06603009259259274
123 0.4855266203703703 0.5766493055555555 0.06031249999999986 0.0637037037037036
28 0.04377025462962963 0.6831134259259259 0.08754050925925926 0.10394675925925938
46 0.05428674768518519 0.21125 0.10857349537037038 0.10704282407407409
130 0.24160300925925923 0.6721701388888889 0.0960243055555555 0.08973958333333343
130 0.5330092592592592 0.6700115740740741 0.0998495370370371 0.08820601851851854
130 0.8044675925925926 0.6609722222222223 0.0990682870370371 0.0882002314814816