171 0.05628472222222223 0.04409722222222222 0.08004629629629631 0.06775462962962964
55 0.5589814814814815 0.12393518518518518 0.07556134259259259 0.07162615740740744
11 0.8112442129629629 0.12362847222222222 0.07059027777777764 0.06612268518518519
108 0.7166319444444444 0.1258912037037037 0.07129050925925924 0.06456597222222223
56 0.8885069444444443 0.12461805555555557 0.07100694444444429 0.059097222222222225
112 0.3829976851851852 0.12914351851851852 0.06706018518518517 0.05828703703703706
135 0.049305555555555554 0.16363425925925928 0.05940972222222222 0.06135416666666664
12 0.377505787037037 0.31036458333333333 0.044305555555555556 0.026099537037037025
56 0.9742592592592594 0.3082870370370371 0.022517361111111002 0.07279513888888882
12 0.56640625 0.3120891203703704 0.06722222222222225 0.06141203703703706
32 0.04202546296296296 0.31909722222222225 0.06676504629629629 0.06765625000000001
1 0.28651620370370373 0.31806712962962963 0.06159143518518526 0.058246527777777765
95 0.16694444444444445 0.3197337962962963 0.06245370370370371 0.05981481481481481
112 0.3651157407407407 0.5041319444444444 0.06397569444444447 0.05904513888888889
108 0.6947627314814815 0.5024710648148148 0.06401620370370367 0.059826388888888894
11 0.7938599537037037 0.504079861111111 0.07281249999999986 0.06379629629629627
125 0.2570196759259259 0.40497106481481476 0.037679398148148205 0.03385995370370374
125 0.47889467592592594 0.4033275462962963 0.042609953703703775 0.038582175925925985
125 0.6836226851851851 0.4010300925925926 0.038420138888889 0.03308449074074069
57 0.8681192129629629 0.5027488425925926 0.06800347222222243 0.06141782407407419