109 0.19161458333333334 0.03796875 0.04572916666666669 0.0759375
177 0.2921180555555556 0.030455729166666667 0.05451388888888893 0.060911458333333335
3 0.24446180555555558 0.4152951388888889 0.049409722222222285 0.09319444444444436
102 0.36019097222222224 0.41506944444444444 0.049097222222222216 0.08616319444444435
137 0.36888888888888893 0.5931770833333333 0.04828124999999996 0.08536458333333333
137 0.29756944444444444 0.7832291666666666 0.05104166666666661 0.09479166666666679
137 0.4564409722222223 0.7859548611111112 0.052291666666666715 0.08779513888888886
137 0.608576388888889 0.7778819444444445 0.05413194444444436 0.09407986111111129
83 0.5258333333333333 0.7812847222222222 0.05168402777777779 0.09168402777777765
83 0.3765104166666667 0.7822569444444445 0.050729166666666624 0.0877604166666666
144 0.5368576388888889 0.5894444444444444 0.04515624999999997 0.085295138888889
144 0.5257465277777778 0.4098263888888889 0.04756944444444446 0.08690972222222229
144 0.6411284722222221 0.5425520833333334 0.04803819444444457 0.07989583333333332
144 0.7799826388888889 0.6403472222222222 0.03965277777777772 0.08439236111111122
144 0.8605208333333334 0.6401215277777779 0.04569444444444457 0.07984374999999985
144 0.8651736111111111 0.78 0.04243055555555557 0.07664930555555553
144 0.7863715277777779 0.7840972222222222 0.04644097222222214 0.07907986111111107
53 0.20145833333333335 0.7673784722222223 0.05022569444444445 0.09399305555555557
53 0.06904513888888889 0.6561458333333333 0.0539236111111111 0.08939236111111111
144 0.9957465277777778 0.6383333333333333 0.008506944444444286 0.08673611111111121
139 0.9972916666666667 0.7774305555555555 0.005416666666666714 0.08524305555555571
107 0.8163715277777778 0.5089409722222221 0.053177083333333285 0.09015625000000008