137 0.7856365740740741 0.22109375 0.08781250000000007 0.16875
102 0.8707928240740742 0.22109375 0.04854745370370352 0.0828125
144 0.6098090277777778 0.22265625 0.09065972222222225 0.159375
53 0.9511689814814815 0.22421875 0.08974537037037038 0.18125
102 0.3596006944444444 0.33515625 0.08643518518518523 0.175
102 0.6090219907407407 0.46015625 0.039861111111111215 0.0796875
137 0.14980324074074075 0.48125 0.07949652777777776 0.178125
102 0.22314814814814815 0.484375 0.04473379629629628 0.0859375
53 0.935775462962963 0.63828125 0.08652777777777772 0.178125
137 0.6026851851851852 0.64765625 0.08928240740740741 0.165625
102 0.7714351851851852 0.64765625 0.0761226851851852 0.19609375
102 0.3469849537037037 0.65546875 0.09268518518518523 0.175
180 0.11256365740740741 0.1296875 0.0457233796296296 0.09296875
53 0.028803530092592594 0.51171875 0.05760706018518519 0.1921875