180 0.23550347222222223 0.18359375 0.03543402777777782 0.04140625
53 0.4766319444444445 0.31796875 0.07973958333333328 0.0890625
37 0.3346354166666667 0.33984375 0.07753472222222228 0.0921875
137 0.8103645833333333 0.39140625 0.08147569444444436 0.09296875
81 0.7637326388888889 0.0453125 0.08371527777777779 0.090625
9 0.34243055555555557 0.5328125 0.07899305555555554 0.08984375
102 0.6689930555555555 0.5328125 0.07664930555555553 0.08984375
11 0.8259895833333333 0.67265625 0.07906249999999986 0.09140625
137 0.4889930555555555 0.7015625 0.07831597222222228 0.0921875
32 0.34996527777777775 0.70234375 0.08371527777777779 0.090625
36 0.9684027777777778 0.82109375 0.06319444444444429 0.09140625
179 0.7838368055555556 0.884375 0.07835069444444435 0.09296875
28 0.6971527777777778 0.88515625 0.07824652777777778 0.090625
27 0.8667534722222221 0.88671875 0.07657986111111086 0.08828125