171 0.05817708333333334 0.22041666666666665 0.0796875 0.1203819444444445
136 0.2341666666666667 0.26036458333333334 0.08557291666666664 0.15024305555555556
59 0.3599479166666667 0.2659548611111111 0.10328125000000003 0.1705034722222222
137 0.7626041666666667 0.43194444444444446 0.13052083333333328 0.19352430555555564
148 0.313125 0.533420138888889 0.07843749999999998 0.1483680555555555
148 0.6947916666666667 0.6381423611111112 0.08260416666666667 0.15244791666666657
32 0.5833854166666667 0.6402430555555556 0.08739583333333342 0.14253472222222213
148 0.8795312500000001 0.6761284722222222 0.08260416666666685 0.15244791666666657
171 0.42609375 0.8722395833333334 0.07322916666666668 0.11697916666666686
53 0.7804166666666668 0.17651041666666667 0.10421875000000007 0.1611979166666667
55 0.5434374999999999 0.22866319444444444 0.11515625000000007 0.1733680555555555