137 0.504207175925926 0.11784722222222221 0.09940972222222229 0.1425173611111111
110 0.6850868055555555 0.1384027777777778 0.08467592592592581 0.1192361111111111
55 0.41882523148148143 0.4121006944444444 0.049369212962962906 0.05993055555555564
110 0.8678530092592591 0.4649131944444445 0.048246527777777715 0.07470486111111115
137 0.9466203703703704 0.4731076388888889 0.05151041666666671 0.07953124999999997
130 0.6253645833333333 0.4643055555555556 0.07361689814814802 0.08831597222222225
55 0.4140972222222222 0.4924652777777778 0.05088541666666657 0.05843750000000014
180 0.12811921296296297 0.03229166666666667 0.1250115740740741 0.058611111111111114
110 0.8659664351851852 0.5813888888888888 0.048842592592592736 0.06848958333333321
137 0.9462037037037037 0.5927777777777778 0.05212962962962955 0.07409722222222222
55 0.41148148148148145 0.5807465277777778 0.05081597222222225 0.056093750000000143
130 0.621568287037037 0.5924305555555556 0.07653356481481488 0.08142361111111107
102 0.40394097222222225 0.7032291666666667 0.052609953703703735 0.06397569444444447
110 0.8593981481481482 0.7766666666666667 0.046660879629629545 0.07385416666666664
137 0.9397743055555555 0.7833680555555554 0.05399305555555571 0.08432291666666672
130 0.6167476851851852 0.7815277777777778 0.07271990740740737 0.084375
102 0.39652199074074074 0.7952083333333333 0.04674768518518526 0.05045138888888889
110 0.8575115740740742 0.8931423611111111 0.04957754629629605 0.06696180555555564
102 0.39494212962962966 0.8749305555555555 0.0475752314814815 0.05204861111111114
137 0.9363252314814815 0.8997743055555556 0.054635416666666714 0.07967013888888914
130 0.6132523148148148 0.8994965277777777 0.07200810185185187 0.08668402777777758