180 0.1123148148148148 0.09273726851851852 0.06982638888888885 0.09304398148148148
95 0.4386226851851852 0.06479166666666666 0.06870370370370367 0.10779513888888888
112 0.7405902777777778 0.32472800925925926 0.058200231481481526 0.09547453703703708
95 0.9238483796296297 0.24969328703703705 0.06720486111111086 0.08353009259259263
177 0.9310532407407408 0.41361689814814817 0.07332175925925917 0.10572916666666661
112 0.17266782407407405 0.3599479166666667 0.07024305555555554 0.10710648148148146
59 0.4449189814814815 0.27729166666666666 0.0741493055555555 0.10733796296296294
55 0.6511979166666666 0.6094212962962964 0.06677083333333336 0.09520254629629629
55 0.2583912037037037 0.6381770833333333 0.06582754629629636 0.08968749999999996
125 0.12604745370370368 0.2656655092592593 0.041053240740740723 0.06950231481481488
125 0.13297453703703704 0.5258680555555555 0.03852430555555557 0.06311342592592588
125 0.4913946759259259 0.2346238425925926 0.037858796296296224 0.06697337962962954
125 0.4992418981481482 0.4994675925925926 0.03213541666666657 0.05805555555555557