171 0.023174189814814818 0.5015625 0.046348379629629635 0.08828125
3 0.21339699074074076 0.30859375 0.07535879629629631 0.1296875
37 0.28541087962962963 0.08828125 0.06908564814814815 0.128125
102 0.39151041666666664 0.309375 0.06978587962962965 0.12265625
53 0.5711053240740741 0.315625 0.06652199074074083 0.11328125
53 0.5701967592592593 0.11328125 0.06663773148148149 0.12109375
102 0.7022280092592592 0.11328125 0.06833912037037031 0.13046875
141 0.8358333333333332 0.1125 0.0681886574074074 0.1203125
137 0.5826446759259258 0.59140625 0.07212962962962947 0.12265625
79 0.3866203703703704 0.58671875 0.06832754629629623 0.1296875
55 0.5859375 0.84375 0.07134837962962966 0.12265625
28 0.8765277777777779 0.84609375 0.07364583333333315 0.11953125
171 0.9289699074074076 0.4703125 0.04974537037037052 0.08828125