180 0.0390625 0.07254050925925926 0.078125 0.11304976851851851
59 0.253125 0.15 0.06796875 0.08689236111111112
136 0.35625 0.04522569444444445 0.059375 0.06626157407407408
32 0.68203125 0.06901041666666667 0.0828125 0.09056712962962962
59 0.9 0.17161458333333335 0.0625 0.09059606481481479
55 0.06953125 0.3267939814814815 0.07734375 0.10833333333333331
12 0.2546875 0.3484953703703704 0.08046875 0.10376157407407405
55 0.36015625 0.33599537037037036 0.08046875 0.11704282407407404
59 0.2515625 0.4929108796296296 0.06171875 0.08900462962962977
55 0.06796875 0.6548611111111111 0.0828125 0.11478587962962976
55 0.36328125 0.6611111111111111 0.07890625 0.1138599537037038
12 0.2515625 0.6741608796296296 0.07734375 0.09817708333333322
137 0.56484375 0.5537326388888889 0.07109375 0.11513310185185191
137 0.79765625 0.559230324074074 0.0703125 0.12213541666666679
53 0.0296875 0.841724537037037 0.059375 0.12016782407407404
53 0.19375 0.8478009259259259 0.071875 0.11516203703703702
53 0.390625 0.8550925925925927 0.065625 0.10633680555555572
2 0.56015625 0.36527777777777776 0.07421875 0.11134259259259256