180 0.2864583333333333 0.13940972222222223 0.0910243055555556 0.12670717592592595
23 0.14743055555555556 0.1709490740740741 0.07579861111111112 0.14409722222222224
53 0.718514053125 0.1625575703125 0.6540932500000001 0.1601716140625 0.656993434375 0.29067988749999996 0.7214142375 0.29306584375 0.718514053125 0.1625575703125
55 0.5267534722222222 0.2739872685185185 0.074357638888889 0.1495081018518519
59 0.4002604166666666 0.3075520833333333 0.05842013888888893 0.1348668981481481
136 0.3112152777777778 0.3050347222222222 0.051128472222222235 0.1228877314814815
23 0.15253472222222222 0.36550925925925926 0.07180555555555554 0.14004629629629636
137 0.6942361111111112 0.43396990740740743 0.075138888888889 0.14953703703703702
23 0.15769097222222223 0.5624131944444445 0.07255208333333334 0.1385127314814815
32 0.5798784722222223 0.6272280092592593 0.05876736111111107 0.1153645833333334
23 0.43734375 0.887355324074074 0.06769097222222235 0.13052662037037024
23 0.5303125 0.890798611111111 0.07237847222222235 0.13070023148148166
23 0.617829861111111 0.8948206018518519 0.07710069444444442 0.13243634259259238
148 0.3850694444444444 0.5372685185185185 0.05355902777777777 0.12688078703703703
148 0.6594965277777778 0.6270543981481481 0.052725694444444395 0.1245081018518519
148 0.8584722222222222 0.6586226851851851 0.05428819444444457 0.12456597222222214