171 0.053125 0.5046875 0.05234375 0.084375
3 0.23828125 0.3171875 0.071875 0.12578125
37 0.30546875 0.103125 0.06484375 0.12421875
102 0.41171875 0.3171875 0.06640625 0.11875
53 0.58515625 0.3234375 0.06328125 0.11015625
53 0.58203125 0.12734375 0.0625 0.11796875
102 0.709375 0.12734375 0.0640625 0.12578125
141 0.83984375 0.1265625 0.06484375 0.11640625
137 0.60078125 0.590625 0.06796875 0.11875
79 0.4109375 0.5859375 0.06484375 0.12578125
55 0.60703125 0.83515625 0.0671875 0.11875
28 0.8890625 0.8375 0.06953125 0.115625
171 0.934375 0.4734375 0.046875 0.08515625