137 0.05609953703703704 0.1357986111111111 0.04704861111111112 0.08296875
55 0.2861400462962963 0.1745486111111111 0.048518518518518586 0.0814409722222222
88 0.19531828703703705 0.09664930555555555 0.051724537037036986 0.0565451388888889
102 0.18994212962962964 0.20057291666666668 0.05049768518518518 0.08850694444444444
3 0.2275231481481481 0.3320486111111111 0.05251736111111107 0.08309027777777782
3 0.22808449074074072 0.7318055555555556 0.05237847222222225 0.08074652777777783
3 0.4834201388888889 0.620920138888889 0.05440393518518505 0.08859375000000007
3 0.5000868055555555 0.33967013888888886 0.05407986111111107 0.08312499999999998
137 0.08266203703703703 0.875642361111111 0.04847222222222223 0.08065972222222229
102 0.21749421296296298 0.8841145833333334 0.05679398148148147 0.08942708333333335
145 0.4681886574074074 0.8779513888888889 0.05109375000000007 0.08539930555555557
160 0.5165219907407408 0.06232638888888888 0.052609953703703735 0.08465277777777777
142 0.6141956018518518 0.34142361111111114 0.052609953703703735 0.08465277777777783
102 0.6053009259259259 0.5047222222222223 0.05265625000000007 0.08543402777777764
102 0.7662326388888889 0.31038194444444445 0.0533449074074074 0.08388888888888886
57 0.7761342592592593 0.15649305555555557 0.050543981481481384 0.08928819444444444
62 0.7602430555555555 0.45105902777777784 0.05067708333333343 0.07836805555555557
28 0.9202141203703704 0.24652777777777776 0.052563657407407406 0.08387152777777782
28 0.8744907407407407 0.7672916666666667 0.053576388888888715 0.08779513888888886
141 0.7415393518518518 0.7666840277777778 0.05343750000000007 0.08545138888888885
102 0.7321990740740741 0.8978993055555555 0.052008101851851764 0.07449652777777764
102 0.8673090277777777 0.9016840277777778 0.04994212962962976 0.07913194444444435