64 0.63828125 0.26373263888888887 0.07401041666666668 0.10532986111111109
55 0.7747916666666667 0.26078124999999996 0.07973958333333328 0.13284722222222226
32 0.32703125 0.2822395833333333 0.08880208333333339 0.14026041666666664
95 0.16338541666666667 0.29496527777777776 0.08604166666666666 0.09885416666666665
137 0.49182291666666667 0.28737847222222224 0.09406250000000008 0.13737847222222221
62 0.92484375 0.34680555555555553 0.07734375 0.14364583333333333
180 0.659375 0.009687499999999998 0.0875 0.019374999999999996
87 0.7065104166666667 0.4671180555555555 0.04510416666666668 0.09236111111111107
102 0.7656770833333333 0.50265625 0.03916666666666657 0.06171875
102 0.6233333333333333 0.5113194444444444 0.07817708333333329 0.13277777777777794
3 0.4736458333333333 0.5249826388888889 0.07661458333333329 0.1210243055555555
102 0.7796354166666667 0.5386458333333334 0.0341666666666665 0.05682291666666668
53 0.9106249999999999 0.5834548611111112 0.08218749999999986 0.134513888888889
28 0.45854166666666674 0.7632291666666666 0.09380208333333329 0.14515624999999996
104 0.8954166666666665 0.811579861111111 0.08765624999999985 0.13475694444444458
37 0.4970833333333333 0.045086805555555554 0.07458333333333336 0.09017361111111111
100 0.9401041666666667 0.11789930555555557 0.08526041666666657 0.13387152777777778
177 0.01875 0.3027256944444444 0.0375 0.14142361111111112