180 0.03911458333333333 0.0240234375 0.07817708333333333 0.048046875
29 0.16666666666666669 0.08355324074074075 0.07963541666666667 0.09405671296296296
28 0.17875000000000002 0.21788194444444442 0.07484374999999996 0.09242476851851852
32 0.27307291666666667 0.21335648148148145 0.08505208333333325 0.09335648148148153
137 0.3725 0.06251736111111111 0.08109375000000005 0.10422453703703705
137 0.38114583333333335 0.19220486111111112 0.07109375 0.0830034722222222
136 0.7285416666666666 0.054114583333333334 0.07411458333333343 0.08148726851851854
61 0.74515625 0.1860300925925926 0.07687500000000007 0.08777199074074074
95 0.9248177083333333 0.11446759259259258 0.15036458333333336 0.10541666666666667
109 0.9057812500000001 0.28453125 0.06359374999999971 0.08757523148148146
177 0.9787760416666668 0.28328125000000004 0.04244791666666643 0.08837962962962961
125 0.1671875 0.37289351851851854 0.04963541666666664 0.05380787037037038
125 0.5466145833333333 0.3633622685185185 0.04979166666666668 0.05615162037037038
125 0.5653124999999999 0.6321006944444445 0.04583333333333321 0.05531250000000014
125 0.18630208333333334 0.6361516203703703 0.047239583333333314 0.05299189814814813
55 0.2263541666666667 0.49792245370370375 0.07541666666666665 0.07760416666666678
55 0.65046875 0.49007523148148147 0.07249999999999997 0.08068287037037045
95 0.42125 0.30109375 0.07520833333333332 0.07447916666666661
59 0.4306770833333333 0.4307696759259259 0.06828125000000007 0.07593750000000003
174 0.43531250000000005 0.6176041666666666 0.07223958333333336 0.07677662037037045
53 0.2216145833333333 0.7200868055555556 0.06401041666666671 0.08211805555555554
53 0.31031250000000005 0.7250289351851852 0.06343750000000004 0.08523148148148145
53 0.5946354166666666 0.7200347222222222 0.058645833333333286 0.08359953703703696
53 0.6808854166666667 0.7234490740740741 0.06541666666666668 0.0797974537037037