180 0.1375 0.1640625 0.04609375 0.05546875
112 0.1875 0.30625 0.05078125 0.0859375
125 0.178125 0.240625 0.02890625 0.053125
125 0.45546875 0.2421875 0.02421875 0.05234375
125 0.45390625 0.47890625 0.0234375 0.05
125 0.178125 0.48046875 0.03203125 0.05703125
95 0.390625 0.21484375 0.03984375 0.07421875
12 0.390625 0.30546875 0.04609375 0.0609375
12 0.390625 0.57421875 0.04453125 0.065625
112 0.390625 0.4625 0.04453125 0.08046875
55 0.471875 0.32734375 0.05859375 0.10078125
55 0.28125 0.3015625 0.0578125 0.0921875
112 0.5890625 0.30859375 0.05 0.0828125
137 0.725 0.55546875 0.04765625 0.096875
102 0.80390625 0.55859375 0.053125 0.090625
65 0.89921875 0.5609375 0.05 0.09453125
100 0.89609375 0.36015625 0.05546875 0.09921875
27 0.89609375 0.79453125 0.05234375 0.09765625
53 0.53671875 0.715625 0.03515625 0.07109375
53 0.17421875 0.715625 0.03671875 0.06328125
46 0.240625 0.71640625 0.04296875 0.0734375
131 0.30703125 0.71640625 0.03984375 0.07734375