139 0.25484375000000004 0.280931712962963 0.0833333333333334 0.16069444444444442
6 0.15005208333333334 0.28171875 0.09255208333333335 0.15842013888888892
53 0.9457812499999999 0.4103298611111111 0.06520833333333335 0.15821759259259274
102 0.7705208333333333 0.4129398148148148 0.09348958333333321 0.1607696759259259
180 0.5130208333333334 0.01943287037037037 0.023177083333333216 0.031406250000000004
3 0.5468229166666667 0.4620891203703704 0.08718749999999993 0.1482291666666667
171 0.02203125 0.4916666666666666 0.0440625 0.19583333333333322
87 0.36505208333333333 0.527181712962963 0.055781250000000074 0.06366319444444457
102 0.7579687500000001 0.6246701388888889 0.09130208333333342 0.16309606481481484
28 0.9108333333333334 0.864201388888889 0.07479166666666685 0.16141203703703724
87 0.7402083333333334 0.8676273148148148 0.08802083333333321 0.1607291666666665
37 0.5701562499999999 0.11208912037037036 0.08755208333333328 0.15369791666666668
171 0.031992187500000005 0.10493055555555557 0.06398437500000001 0.16064236111111113