171 0.0328125 0.43046875 0.046875 0.09453125
37 0.22734375 0.19296875 0.04296875 0.08359375
37 0.31796875 0.1921875 0.04140625 0.0921875
87 0.4125 0.19765625 0.0453125 0.0859375
32 0.1171875 0.43046875 0.04296875 0.0875
137 0.228125 0.43203125 0.046875 0.0875
53 0.58125 0.15234375 0.0390625 0.0734375
102 0.51484375 0.28984375 0.03515625 0.0734375
102 0.64921875 0.28984375 0.0359375 0.0703125
102 0.5140625 0.75 0.03671875 0.07578125
102 0.8359375 0.6890625 0.034375 0.0765625
142 0.58125 0.2890625 0.03671875 0.06875
3 0.515625 0.42265625 0.0390625 0.06875
3 0.515625 0.6140625 0.03515625 0.0671875
160 0.6265625 0.69140625 0.03515625 0.0703125
165 0.75078125 0.2453125 0.03671875 0.0796875
168 0.83671875 0.24921875 0.03671875 0.0734375
38 0.9203125 0.25 0.0375 0.078125
66 0.83515625 0.36953125 0.03671875 0.075
133 0.7515625 0.36953125 0.0359375 0.075
100 0.73125 0.69140625 0.03671875 0.07734375
137 0.628125 0.81875 0.034375 0.06484375
65 0.9203125 0.6890625 0.03359375 0.0734375