102 0.5794270833333334 0.14453125 0.04369791666666671 0.09296875
102 0.5730208333333333 0.32265625 0.042916666666666714 0.09296875
102 0.5543229166666667 0.52109375 0.044375000000000143 0.09140625
102 0.5464583333333334 0.69765625 0.04499999999999993 0.0890625
102 0.6951562499999999 0.14296875 0.045052083333333215 0.08984375
102 0.6808854166666667 0.321875 0.04093750000000007 0.08671875
102 0.6678124999999999 0.51796875 0.040885416666666785 0.0859375
102 0.6552604166666667 0.69453125 0.042604166666666644 0.08828125
3 0.3709895833333333 0.22421875 0.06937499999999996 0.15
32 0.1903125 0.22734375 0.06911458333333331 0.14609375
137 0.15880208333333332 0.653125 0.07635416666666668 0.1609375
180 0.10833333333333332 0.02734375 0.031770833333333345 0.0546875
53 0.8944791666666667 0.2703125 0.06489583333333329 0.11796875
53 0.8740104166666667 0.64765625 0.06333333333333328 0.11796875
171 0.009817708333333333 0.56328125 0.019635416666666666 0.13359375