55 0.3575347222222222 0.5840451388888889 0.041319444444444464 0.05164930555555554
1 0.42411458333333335 0.5864756944444445 0.042309027777777786 0.05635416666666657
55 0.825138888888889 0.5830381944444445 0.04220486111111086 0.05401041666666675
12 0.7967361111111112 0.6126041666666666 0.04543402777777779 0.05642361111111107
12 0.5969097222222223 0.6209548611111111 0.04689236111111121 0.05411458333333332
123 0.4997395833333334 0.7044444444444444 0.020173611111111 0.032447916666666646
62 0.9865234375 0.6965277777777777 0.026953125 0.06583333333333333
112 0.3674479166666667 0.7191145833333333 0.04050347222222221 0.0508506944444445
64 0.8846180555555556 0.724826388888889 0.05050347222222236 0.06512152777777765
42 0.8443055555555556 0.7679513888888889 0.05300347222222257 0.051128472222222145
42 0.6475 0.7738888888888888 0.05211805555555564 0.04876736111111111
42 0.7787499999999999 0.7709722222222222 0.053003472222222216 0.051128472222222145
42 0.58109375 0.7753645833333334 0.056059027777777715 0.04963541666666664
42 0.713125 0.7724305555555555 0.053715277777777716 0.049583333333333354
53 0.9897309027777779 0.8324826388888888 0.02053819444444436 0.06656249999999986
42 0.714045138888889 0.845920138888889 0.053715277777777716 0.049583333333333354
42 0.6499826388888889 0.84734375 0.053038194444444464 0.05190972222222214
42 0.7813020833333334 0.8459895833333334 0.05052083333333339 0.047951388888888856
42 0.5844270833333333 0.8503645833333333 0.052899305555555644 0.048784722222222146
42 0.8495486111111111 0.8507291666666668 0.07347222222222208 0.07265625
55 0.606232638888889 0.07411458333333334 0.04315972222222229 0.057934027777777786
53 0.9697569444444444 0.07151041666666666 0.047517361111111 0.06817708333333332
55 0.33416666666666667 0.0934548611111111 0.04036458333333339 0.04772569444444443
59 0.40067708333333335 0.09432291666666667 0.03904513888888896 0.053159722222222226
55 0.8048263888888888 0.09081597222222222 0.03979166666666671 0.05239583333333333
12 0.7749305555555555 0.12197916666666667 0.04078124999999986 0.057100694444444454
12 0.5766319444444445 0.12951388888888887 0.04845486111111121 0.05414930555555557
123 0.4771527777777777 0.21383680555555556 0.022309027777777858 0.027812500000000018
62 0.9765104166666667 0.20586805555555557 0.045781249999999926 0.06423611111111108
112 0.34574652777777776 0.23083333333333336 0.03921875000000004 0.05706597222222225
64 0.8597569444444446 0.23583333333333334 0.04730902777777786 0.06348958333333332
42 0.6270833333333333 0.27932291666666664 0.05225694444444447 0.051892361111111104
42 0.8216840277777777 0.2765625 0.05524305555555564 0.048836805555555515
42 0.5584374999999999 0.2831944444444444 0.05282986111111114 0.047222222222222235
42 0.756875 0.2787847222222222 0.05059027777777771 0.04951388888888886
42 0.6897222222222222 0.2810590277777778 0.05381944444444446 0.05192708333333336
42 0.5624826388888888 0.35661458333333335 0.05687499999999997 0.050434027777777855
42 0.7593923611111111 0.35302083333333334 0.052152777777777715 0.049548611111111106
42 0.6930208333333333 0.35527777777777775 0.052899305555555644 0.04878472222222223
42 0.6289930555555555 0.35748263888888887 0.05368055555555564 0.04880208333333336
42 0.8277083333333334 0.35932291666666666 0.07517361111111107 0.07581597222222225
59 0.21979334687500002 0.4326888828125 0.1676826703125 0.433846896875 0.170617596875 0.49988275312499997 0.2227282734375 0.4987247390625 0.21979334687500002 0.4326888828125
136 0.03887152777777778 0.4699131944444444 0.038680555555555565 0.06251736111111121
95 0.1306096046875 0.43998475 0.0895616125 0.44089692812500003 0.0921426953125 0.4989712984375 0.13319068750000002 0.4980591203125 0.1306096046875 0.43998475
55 0.6281770833333333 0.5678645833333333 0.040850694444444356 0.0586631944444445
53 0.9826822916666668 0.5668576388888888 0.03463541666666643 0.0643229166666666
53 0.9772743055555555 0.3411111111111111 0.045451388888889 0.06428819444444445