180 0.0390625 0.0265625 0.07734375 0.053125
29 0.16171875 0.08984375 0.071875 0.09140625
28 0.16484375 0.221875 0.0671875 0.08984375
32 0.2578125 0.21953125 0.07734375 0.09140625
137 0.36484375 0.07265625 0.07265625 0.1015625
137 0.36484375 0.2 0.0640625 0.08125
136 0.71484375 0.06953125 0.06796875 0.0796875
61 0.7234375 0.19921875 0.0703125 0.08515625
95 0.909375 0.13203125 0.15234375 0.1015625
109 0.87421875 0.2984375 0.05703125 0.08515625
177 0.9640625 0.29921875 0.071875 0.0859375
125 0.14296875 0.375 0.0453125 0.05234375
125 0.515625 0.37109375 0.0453125 0.0546875
125 0.5171875 0.63515625 0.0421875 0.05390625
125 0.14375 0.634375 0.04296875 0.0515625
55 0.19296875 0.4984375 0.06953125 0.07578125
55 0.61015625 0.496875 0.065625 0.07890625
95 0.396875 0.3078125 0.06875 0.07265625
59 0.39765625 0.43515625 0.06171875 0.07421875
174 0.390625 0.61953125 0.06640625 0.07421875
53 0.1734375 0.7171875 0.0578125 0.08046875
53 0.2609375 0.7234375 0.05625 0.0828125
53 0.53984375 0.72265625 0.05234375 0.08203125
53 0.62421875 0.7265625 0.059375 0.07734375