180 0.022048611111111113 0.108125 0.029137731481481483 0.024826388888888884
32 0.5111111111111111 0.16111111111111112 0.09105902777777786 0.08157986111111111
125 0.09435763888888889 0.2945833333333333 0.030150462962962976 0.027968749999999966
125 0.4686342592592593 0.30368055555555556 0.03478009259259256 0.027291666666666714
95 0.5041087962962963 0.04552083333333334 0.10737847222222215 0.07024305555555556
137 0.8929108796296296 0.3770659722222222 0.09592013888888892 0.08402777777777777
59 0.47730836718749997 0.3301775984375 0.3973083671875 0.328399821875 0.40316050781249996 0.407403728125 0.48316050781250003 0.40918150468750003 0.47730836718749997 0.3301775984375
123 0.10969328703703704 0.5016145833333333 0.028530092592592603 0.027152777777777713
55 0.1351851851851852 0.5614583333333333 0.02769097222222223 0.02635416666666668
55 0.5141493055555555 0.5706597222222223 0.029195601851851903 0.02560763888888893
63 0.9090856481481481 0.6059548611111112 0.08703703703703702 0.07993055555555557
42 0.5546875 0.6230381944444444 0.05740740740740744 0.03793402777777786
42 0.7367766203703704 0.6278645833333334 0.05980902777777786 0.03876736111111114
42 0.35792824074074076 0.6202256944444444 0.05746527777777777 0.038715277777777855
42 0.17511574074074074 0.6161631944444445 0.057957175925925954 0.03482638888888889
42 0.2681423611111111 0.6190104166666666 0.05896990740740744 0.037968749999999926
42 0.646267361111111 0.6274131944444445 0.06119791666666678 0.03645833333333322
123 0.12780671296296298 0.7461458333333333 0.03153935185185182 0.025659722222222216
53 0.7015641734375 0.79230770625 0.6158361218749999 0.7904026390625 0.621578309375 0.8679221703125 0.7073063609375 0.8698272375 0.7015641734375 0.79230770625
53 0.3199234515625 0.78480175625 0.23582280781249998 0.7829328531249999 0.24149265625 0.859475821875 0.32559330000000003 0.861344725 0.3199234515625 0.78480175625