12 0.540625 0.34336226851851853 0.08203125 0.10555555555555554
64 0.17265625 0.39261574074074074 0.09296875 0.11525462962962969
180 0.1390625 0.03771412037037038 0.09140625 0.06911458333333334
87 0.4890625 0.5223032407407407 0.065625 0.1292881944444444
55 0.646875 0.5363541666666667 0.08359375 0.10872685185185187
171 0.0359375 0.8440335648148147 0.071875 0.10056712962962955
59 0.646875 0.8644791666666667 0.07265625 0.10137152777777772
136 0.171875 0.8730613425925927 0.0828125 0.10870370370370352
171 0.0359375 0.3971585648148148 0.071875 0.11619212962962963
125 0.3984375 0.24696180555555552 0.05546875 0.08367476851851859
125 0.71953125 0.28616319444444444 0.04921875 0.07802083333333334
95 0.25 0.6105324074074074 0.07578125 0.09990162037037038