180 0.6224421296296296 0.40673611111111113 0.02314236111111114 0.06612847222222218
180 0.2705902777777778 0.043506944444444445 0.024745370370370345 0.07163194444444444
180 0.5541898148148148 0.05059027777777778 0.022372685185185048 0.0676736111111111
180 0.18244791666666665 0.4821006944444445 0.023119212962962977 0.06300347222222236
87 0.8670312499999999 0.5254340277777778 0.04386574074074083 0.12204861111111107
137 0.74671875 0.5227604166666666 0.04699074074074083 0.12211805555555558
28 0.807667824074074 0.5256770833333333 0.048570601851852045 0.12449652777777782
179 0.9240798611111112 0.5290451388888889 0.04858217592592595 0.12605902777777783
137 0.37355324074074076 0.5511805555555556 0.04541087962962962 0.11973958333333332
87 0.5126273148148148 0.5558333333333334 0.04544560185185187 0.12442708333333333
22 0.4454456018518519 0.5551215277777778 0.047841435185185154 0.1315104166666666
3 0.21053819444444444 0.5834895833333333 0.029461805555555554 0.07564236111111118
3 0.25896412037037037 0.6884548611111111 0.028697916666666677 0.07796875000000014
180 0.6271875 0.7310069444444445 0.02316550925925931 0.06925347222222218
37 0.5139930555555555 0.7402083333333334 0.05093171296296291 0.12689236111111094
28 0.44603009259259263 0.7394791666666667 0.04469907407407412 0.12909722222222228
179 0.37340277777777775 0.7417708333333334 0.04774305555555554 0.11822916666666679
3 0.2596412037037037 0.7798611111111111 0.029467592592592594 0.07642361111111118
179 0.9264409722222222 0.847795138888889 0.045462962962962906 0.12677083333333314
87 0.8694155092592591 0.8473090277777778 0.043865740740740476 0.12204861111111107
137 0.7491030092592593 0.8446354166666667 0.04386574074074083 0.12204861111111107
28 0.8116319444444444 0.8499305555555555 0.04699652777777778 0.12289930555555557
87 0.4293634259259259 0.1767013888888889 0.04222222222222225 0.11107638888888886
149 0.300462962962963 0.17461805555555557 0.043888888888888825 0.12517361111111108
28 0.642650462962963 0.18222222222222223 0.045497685185185155 0.13145833333333332
136 0.36453125000000003 0.17682291666666666 0.044635416666666664 0.12050347222222224
87 0.702037037037037 0.18510416666666668 0.0415162037037037 0.12121527777777778
137 0.580949074074074 0.18319444444444444 0.04383101851851841 0.11736111111111117