144 0.4727256944444445 0.4029976851851852 0.07353009259259266 0.11384837962962972
102 0.31019097222222225 0.41015625 0.06222222222222218 0.08852430555555557
3 0.1874652777777778 0.4184780092592593 0.07329861111111109 0.09822337962962954
107 0.7633738425925926 0.4982465277777777 0.05816550925925927 0.07825231481481473
144 0.5769386574074075 0.5373495370370371 0.05656828703703702 0.0758622685185184
144 0.46705439814814814 0.5749652777777777 0.05138888888888893 0.0952314814814816
137 0.2981886574074074 0.5877777777777778 0.060063657407407336 0.10095486111111107
144 0.7942071759259259 0.6308680555555556 0.05098379629629637 0.0678877314814816
144 0.7175868055555555 0.6370428240740741 0.05478587962962962 0.06097222222222225
144 0.9534548611111111 0.6347395833333334 0.06373842592592602 0.0854456018518519
177 0.2620717592592593 0.025538194444444447 0.07116898148148146 0.05107638888888889
53 0.12218171296296296 0.7663541666666667 0.052881944444444426 0.09059027777777776
137 0.5290277777777778 0.7667939814814815 0.05295138888888893 0.09527777777777775
109 0.16039351851851852 0.03469907407407408 0.05030671296296294 0.06939814814814815
83 0.4485358796296296 0.7707407407407407 0.048252314814814845 0.09435763888888893
83 0.2984895833333333 0.7783101851851851 0.05136574074074076 0.09366898148148159
137 0.21645833333333334 0.7807407407407407 0.03859953703703702 0.0753298611111111
137 0.3765914351851852 0.7775578703703704 0.051984953703703686 0.08275462962962958
144 0.7061516203703704 0.7763831018518519 0.06891782407407412 0.06607638888888889
144 0.7935821759259258 0.7784780092592593 0.059982638888888926 0.09548611111111108
53 0.01279224537037037 0.6463657407407407 0.02558449074074074 0.10804976851851862
105 0.947511574074074 0.772355324074074 0.05124999999999993 0.08585648148148159