102 0.8350868055555555 0.11891203703703704 0.06383680555555529 0.13227430555555558
3 0.5143576388888889 0.42821759259259257 0.062465277777777925 0.14082175925925924
102 0.8307291666666666 0.42040509259259257 0.06317708333333343 0.13771990740740742
3 0.012968750000000001 0.4463657407407407 0.025937500000000002 0.1353935185185186
102 0.15328124999999998 0.445162037037037 0.05845486111111109 0.1360185185185186
53 0.9383333333333332 0.42658564814814814 0.06163194444444429 0.13845486111111108
97 0.6547916666666667 0.7137094907407407 0.05604166666666668 0.1328240740740741
102 0.820138888888889 0.7213020833333333 0.060659722222222004 0.1298379629629629
140 0.9294618055555557 0.7204050925925926 0.06401041666666671 0.14008680555555558
102 0.5427083333333333 0.7334259259259259 0.06302083333333322 0.1306886574074074
53 0.2055034722222222 0.8355439814814816 0.057361111111111106 0.15706597222222207
140 0.08350694444444444 0.8446238425925925 0.06545138888888888 0.1346643518518519
97 0.09947916666666666 0.057293113425925926 0.05493055555555555 0.11458622685185185
128 0.1612326388888889 0.05504050925925926 0.0587847222222222 0.11008101851851852
128 0.6651736111111111 0.10598958333333335 0.06315972222222221 0.1369386574074074
102 0.5602430555555555 0.12002893518518518 0.06560763888888879 0.14169560185185187