32 0.065625 0.24791666666666665 0.08666666666666667 0.14156250000000004
6 0.19432291666666665 0.3125868055555555 0.09 0.13305555555555557
137 0.42427083333333326 0.5132986111111111 0.08463541666666678 0.1344965277777778
161 0.52109375 0.5983854166666667 0.03921875000000004 0.06171875
63 0.8685416666666667 0.6092361111111111 0.08781250000000007 0.12364583333333332
102 0.1759895833333333 0.6110590277777778 0.0861979166666667 0.13453125000000005
3 0.04255208333333334 0.6119097222222222 0.08510416666666668 0.1307986111111111
102 0.5616145833333334 0.6830034722222222 0.08697916666666661 0.13454861111111108
53 0.4138020833333333 0.6820659722222222 0.07989583333333332 0.1336111111111112
74 0.69734375 0.6891493055555555 0.08359375 0.13057291666666657
28 0.8566145833333334 0.7998784722222222 0.08645833333333322 0.12673611111111108
87 0.15692708333333333 0.8735243055555555 0.09000000000000004 0.13305555555555557
37 0.031927083333333335 0.8767534722222223 0.06385416666666667 0.12829861111111107
137 0.5353645833333334 0.14960069444444443 0.09494791666666665 0.1487673611111111
137 0.20692708333333334 0.14699652777777777 0.08937499999999998 0.12368055555555557
33 0.8005729166666666 0.16175347222222222 0.07666666666666658 0.12027777777777779
90 0.42223958333333333 0.15647569444444445 0.06119791666666661 0.08717013888888889
36 0.6675 0.16270833333333334 0.08656249999999996 0.12829861111111113