55 0.28125 0.12784722222222222 0.14387152777777779 0.13192708333333333
136 0.8496539796875 0.0573581015625 0.74444875625 0.062033890625 0.7394970078124999 0.1734482328125 0.84470223125 0.16877244375 0.8496539796875 0.0573581015625
95 0.97046875 0.11125 0.050295138888888855 0.13166666666666668
139 0.2602777777777778 0.28394097222222225 0.07848958333333336 0.09939236111111108
139 0.18286458333333333 0.2889409722222222 0.07977430555555554 0.09321180555555557
139 0.34138888888888885 0.28345486111111107 0.08772569444444445 0.09668402777777771
59 0.6485590277777777 0.3017708333333333 0.0997395833333334 0.12138888888888885
32 0.7907465277777778 0.2954513888888889 0.13590277777777793 0.14560763888888886
12 0.508576388888889 0.3111111111111111 0.14812499999999992 0.13991319444444442
139 0.3357291666666667 0.3757118055555556 0.07946180555555556 0.08618055555555557
139 0.17788194444444444 0.38350694444444444 0.08265625000000001 0.08788194444444439
139 0.2575 0.3815277777777778 0.08119791666666672 0.09015624999999998
139 0.1745659722222222 0.4756597222222222 0.08843749999999999 0.09515624999999997
139 0.255 0.4728645833333333 0.09265624999999993 0.10236111111111121
62 0.8540798611111111 0.4844444444444445 0.09970486111111114 0.08552083333333335
137 0.7298611111111111 0.48996527777777776 0.08312500000000007 0.08088541666666664
102 0.44815972222222217 0.6880555555555555 0.08682291666666657 0.07637152777777771
105 0.8097395833333334 0.6751041666666666 0.08119791666666672 0.09015625000000008
160 0.5588194444444444 0.689375 0.08543402777777782 0.0802083333333334
65 0.30328125 0.7022916666666668 0.10548611111111113 0.09279513888888893
26 0.14699652777777777 0.7100173611111111 0.11314236111111109 0.107170138888889
181 0.6812673611111111 0.6886111111111111 0.09190972222222218 0.10310763888888896
95 0.47789930555555554 0.8785416666666667 0.11065972222222217 0.10394097222222243
3 0.80109375 0.8696354166666665 0.10720486111111108 0.113923611111111