123 0.453125 0.15674189814814815 0.02109375 0.07078125000000002
123 0.353125 0.17048032407407407 0.021875 0.06535879629629626
57 0.3239601140625 0.21771608125 0.26830484375 0.2210141703125 0.26830484375 0.41408939062499994 0.3239601140625 0.4107913015625 0.3239601140625 0.21771608125
59 0.4296875 0.309693287037037 0.05625 0.19395833333333332
176 0.109375 0.3310185185185185 0.059375 0.18867476851851847
50 0.67421875 0.2991087962962963 0.059375 0.1917997685185185
3 0.19609375 0.3290046296296296 0.05859375 0.18940972222222233
180 0.0546875 0.011019965277777778 0.02265625 0.022039930555555556
27 0.53125 0.7482060185185185 0.05625 0.1814583333333335
179 0.27421875 0.7657812500000001 0.0546875 0.18058449074074084
28 0.4453125 0.7556423611111112 0.0578125 0.187019675925926
86 0.36171875 0.7637210648148148 0.0546875 0.18136574074074083
132 0.07734375 0.049322916666666675 0.02109375 0.06765625
171 0.01171875 0.33446180555555555 0.0234375 0.20607638888888893