100 0.2944733796296296 0.2726851851851852 0.059837962962962975 0.08000578703703702
53 0.6541377314814815 0.30711805555555555 0.07595486111111108 0.09444444444444447
102 0.5174768518518519 0.29855324074074074 0.06970486111111107 0.09398148148148149
102 0.5235243055555555 0.4828703703703704 0.06678240740740744 0.09921875
89 0.30202546296296295 0.4765914351851851 0.07728587962962959 0.08831018518518512
141 0.9225405092592591 0.6331886574074075 0.06779513888888858 0.08449074074074084
102 0.7921006944444444 0.6243055555555556 0.07028356481481488 0.08857060185185191
102 0.31299189814814815 0.6464699074074074 0.08292824074074075 0.09340277777777786
102 0.5308449074074074 0.6805266203703704 0.06889467592592595 0.09314236111111107
53 0.6629918981481481 0.693431712962963 0.07184606481481488 0.08868634259259256
53 0.6719618055555555 0.9145833333333334 0.07748842592592595 0.09377893518518512
102 0.5401041666666666 0.9094907407407409 0.07361111111111107 0.09427083333333357
53 0.9057002314814815 0.13642939814814814 0.06843171296296298 0.10167824074074075
102 0.7744791666666666 0.12748842592592594 0.0745081018518519 0.09745370370370372
100 0.6456886574074074 0.12106481481481482 0.062239583333333216 0.08174189814814814
100 0.5082465277777779 0.11244212962962963 0.07120949074074083 0.09253472222222223
137 0.2928530092592593 0.1027199074074074 0.07485532407407405 0.08579282407407404