171 0.9530497685185185 0.2967418981481481 0.08304976851851861 0.1445196759259259
102 0.19008101851851852 0.29379050925925926 0.10214699074074077 0.15734953703703702
3 0.3400578703703704 0.30346064814814816 0.11012731481481479 0.18979745370370366
53 0.04896701388888889 0.2883043981481482 0.09793402777777778 0.17320601851851852
32 0.7052546296296296 0.3924074074074074 0.08566550925925931 0.12751736111111106
29 0.21206018518518518 0.6613599537037037 0.08228587962962966 0.11873842592592591
87 0.31350694444444444 0.6712847222222222 0.05639467592592595 0.13982060185185183
141 0.6572569444444445 0.6916550925925925 0.08097800925925931 0.12723958333333343
142 0.7650462962962964 0.6988252314814816 0.08787037037037031 0.12296875000000007
136 0.5376793981481482 0.6861342592592592 0.08732060185185198 0.13073495370370375
137 0.41500000000000004 0.6796469907407408 0.09626157407407412 0.14296296296296304
81 0.05503472222222222 0.8367534722222223 0.08635416666666666 0.12443865740740741
36 0.18074652777777778 0.8465509259259261 0.09726851851851856 0.12430555555555571
28 0.29313078703703704 0.8571238425925927 0.08550347222222224 0.12204861111111107
37 0.5081886574074075 0.20229166666666668 0.09777777777777778 0.14149305555555552