64 0.640625 0.334375 0.06328125 0.09609375
55 0.76796875 0.3375 0.0671875 0.12109375
32 0.34921875 0.3390625 0.07421875 0.128125
95 0.19609375 0.34375 0.07421875 0.0890625
137 0.50390625 0.35078125 0.0796875 0.125
62 0.91484375 0.425 0.06328125 0.13203125
180 0.6453125 0.05234375 0.0796875 0.1046875
87 0.7171875 0.52890625 0.03671875 0.08515625
102 0.77421875 0.56484375 0.0328125 0.05625
102 0.6421875 0.5671875 0.06484375 0.12109375
3 0.5015625 0.57421875 0.0640625 0.1109375
102 0.790625 0.59921875 0.028125 0.05234375
53 0.91640625 0.646875 0.06875 0.1234375
28 0.503125 0.796875 0.07890625 0.1328125
104 0.91640625 0.8609375 0.07421875 0.1234375
37 0.49375 0.1109375 0.06328125 0.11171875
100 0.91484375 0.21015625 0.071875 0.121875
177 0.03984375 0.34609375 0.07109375 0.1296875