171 0.02868923611111111 0.15125578703703704 0.05737847222222222 0.06806712962962962
125 0.3513599537037037 0.15841435185185185 0.025 0.04253472222222223
125 0.4449074074074074 0.16527199074074075 0.024074074074074046 0.03861689814814815
64 0.632986111111111 0.19463541666666667 0.03515625 0.04268518518518523
52 0.5578414351851853 0.21853587962962964 0.026244212962962976 0.03396412037037031
37 0.22390046296296298 0.22296875000000002 0.06163194444444446 0.06181712962962962
55 0.7444444444444445 0.2455324074074074 0.05020254629629619 0.06945601851851854
128 0.8787905092592592 0.24830439814814814 0.04788773148148166 0.0702025462962963
112 0.38492476851851853 0.24411458333333336 0.04473379629629637 0.06937499999999996
52 0.6001736111111111 0.27857060185185184 0.026012731481481487 0.0277141203703704
136 0.02058015046296296 0.40049768518518525 0.04116030092592592 0.07015624999999996
74 0.5906539351851852 0.40896990740740746 0.05509259259259256 0.05391203703703695
96 0.2609664351851852 0.4040856481481482 0.04369212962962958 0.06233217592592588
3 0.2078125 0.40407986111111105 0.03611111111111107 0.047384259259259306
32 0.11475694444444444 0.4050462962962963 0.04973958333333335 0.07803819444444446
28 0.9791377314814815 0.4303587962962963 0.013483796296296192 0.068912037037037
180 0.14091435185185186 0.015376157407407406 0.04942129629629628 0.027280092592592592
125 0.42702546296296295 0.5003472222222222 0.023900462962962978 0.033929398148148236
125 0.33793402777777776 0.4998090277777777 0.02719907407407405 0.03866319444444457
52 0.5475405092592592 0.5177662037037036 0.025289351851851903 0.029265046296296403
55 0.7326967592592593 0.5416145833333333 0.04930555555555553 0.06631944444444446
128 0.8731481481481481 0.5483854166666667 0.04447337962962976 0.06234375000000014
112 0.37364004629629627 0.5699074074074074 0.05176504629629637 0.06947916666666672
52 0.5896990740740741 0.5824884259259259 0.024392361111111073 0.026128472222222143
137 0.16692708333333334 0.6004571759259258 0.04019097222222223 0.05212962962962955
137 0.6017939814814814 0.04487268518518518 0.04600694444444446 0.06158564814814814
3 0.28110532407407407 0.7889699074074074 0.03674768518518512 0.06457175925925931
100 0.37407407407407406 0.7903472222222222 0.043894675925925955 0.06780092592592588
137 0.4927083333333334 0.7952314814814815 0.03420138888888893 0.05906828703703706
34 0.8355902777777778 0.8026562500000001 0.049855324074074045 0.06008101851851855
63 0.575318287037037 0.8019270833333334 0.04375 0.06389467592592588
33 0.7041956018518518 0.8046180555555555 0.052430555555555536 0.06636574074074061
36 0.6211805555555555 0.89328125 0.05225694444444447 0.08276041666666671
102 0.36831597222222223 0.9458159722222224 0.0409143518518519 0.050578703703703806
171 0.9143229166666668 0.95625 0.06038773148148167 0.07038773148148145
1 0.47332175925925923 0.4111400462962963 0.03709490740740744 0.052864583333333395
42 0.6166666666666666 0.5930497685185185 0.029282407407407264 0.03166666666666664
42 0.5745370370370371 0.5275462962962962 0.02835648148148149 0.02774884259259256