37 0.36937500000000006 0.2757060185185185 0.06994791666666664 0.12297453703703702
109 0.09138310185185186 0.3119618055555556 0.03931134259259257 0.08940393518518519
102 0.8677488425925926 0.3309895833333333 0.05112268518518519 0.09313657407407412
177 0.08341435185185185 0.5019270833333334 0.0533275462962963 0.08857060185185191
58 0.8667766203703703 0.4691087962962963 0.06617476851851833 0.10093750000000004
3 0.3617534722222222 0.5592592592592592 0.07164930555555556 0.1277430555555556
59 0.5945428240740741 0.54796875 0.07569444444444447 0.1326331018518518
139 0.07894097222222222 0.679230324074074 0.04197337962962964 0.07394097222222218
64 0.8587152777777778 0.6621990740740741 0.059259259259259164 0.10447916666666668
180 0.20361689814814815 0.05184606481481482 0.04339699074074073 0.06933449074074075
102 0.3528935185185185 0.8319560185185185 0.07475115740740738 0.1271238425925926