177 0.08359375 0.296875 0.08203125 0.10546875
180 0.4078125 0.040625 0.02890625 0.04296875
89 0.465625 0.565625 0.08203125 0.11328125
100 0.465625 0.80859375 0.08203125 0.11875
137 0.58359375 0.88046875 0.0890625 0.121875
102 0.79140625 0.28671875 0.0703125 0.1015625
102 0.59453125 0.45390625 0.0703125 0.09375
102 0.671875 0.45078125 0.0671875 0.1
102 0.74921875 0.45234375 0.07109375 0.09609375
141 0.8890625 0.46015625 0.08046875 0.1109375
3 0.60390625 0.28046875 0.08046875 0.11328125
53 0.79140625 0.11484375 0.084375 0.1265625
55 0.08046875 0.58671875 0.0609375 0.090625
31 0.88984375 0.80078125 0.07265625 0.10546875