139 0.29597800925925927 0.29852430555555554 0.071875 0.14913194444444447
6 0.19991319444444444 0.2971701388888889 0.08038194444444442 0.14697916666666666
53 0.9549189814814815 0.42791666666666667 0.07647569444444428 0.14689236111111104
102 0.7831597222222222 0.4272222222222222 0.08125 0.14934027777777778
180 0.5085358796296295 0.051892361111111104 0.021238425925925952 0.046527777777777765
3 0.5817708333333333 0.4695833333333333 0.07612847222222215 0.1375173611111112
171 0.07280092592592594 0.49027777777777776 0.0957175925925926 0.18166666666666664
87 0.42074652777777777 0.5268923611111112 0.04982638888888893 0.05965277777777782
102 0.7911747685185185 0.6225520833333333 0.07899305555555572 0.1516319444444445
28 0.9623914930555555 0.8481944444444445 0.07521701388888893 0.14949652777777764
87 0.7986979166666666 0.8467534722222222 0.0765625 0.1492361111111112
37 0.5697916666666666 0.14614583333333334 0.07630208333333321 0.14220486111111114
171 0.055700231481481476 0.13394097222222223 0.09137731481481481 0.14878472222222222