1 0.6980034722222223 0.7452604166666668 0.04401041666666661 0.08484374999999993
136 0.8120312500000001 0.73921875 0.060243055555555716 0.11322916666666671
180 0.5132291666666667 0.0734375 0.03979166666666671 0.07052083333333332
58 0.01796006944444444 0.1065625 0.03592013888888888 0.07593749999999999
123 0.03305555555555555 0.23260416666666667 0.028402777777777777 0.04947916666666661
125 0.6673958333333333 0.19187500000000002 0.026111111111111106 0.05166666666666666
111 0.6013368055555556 0.21578124999999998 0.06871527777777775 0.07322916666666668
11 0.5337847222222223 0.27177083333333335 0.05763888888888893 0.10135416666666668
121 0.5995138888888889 0.29781250000000004 0.051041666666666784 0.08531250000000004
55 0.1112326388888889 0.36546875 0.04647569444444448 0.09046875000000006
12 0.10984374999999999 0.46307291666666667 0.03968750000000001 0.06583333333333333
56 0.6016319444444445 0.4482291666666667 0.05355902777777786 0.09328125000000007
98 0.5258333333333333 0.45406250000000004 0.05368055555555564 0.09875000000000007
112 0.7074652777777778 0.49499999999999994 0.04392361111111107 0.08093749999999993
55 0.1084375 0.5614583333333333 0.051857638888888856 0.08692708333333332
128 0.54977504375 0.5692116609375 0.49827347031249997 0.5726450984375 0.4962109984375 0.6654562875 0.547712571875 0.6620228499999999 0.54977504375 0.5692116609375
95 0.9306249999999998 0.5979166666666667 0.066684027777778 0.12223958333333336