42 0.6231655092592593 0.28888888888888886 0.10017361111111107 0.13037615740740743
74 0.7240335648148148 0.30210069444444443 0.06905092592592581 0.14710069444444446
109 0.021574074074074072 0.3815277777777778 0.038842592592592595 0.18180555555555555
62 0.8955208333333333 0.46321759259259265 0.07061342592592582 0.14712384259259254
59 0.2503530092592593 0.4731886574074074 0.08168981481481481 0.16603587962962968
42 0.6292303240740741 0.5803530092592593 0.08842592592592595 0.12629629629629627
74 0.7300636574074074 0.5888773148148149 0.08320023148148152 0.15902777777777785
177 0.029305555555555557 0.5816203703703703 0.05101851851851852 0.1382407407407406
53 0.8947337962962962 0.6733391203703704 0.07844907407407434 0.15036458333333336
87 0.677806712962963 0.9161921296296296 0.0571412037037037 0.12114583333333329
28 0.5621932870370371 0.9160416666666666 0.06575810185185187 0.12439814814814802
63 0.4598553240740741 0.915306712962963 0.06108217592592595 0.12589120370370352
64 0.5353240740740741 0.13604166666666667 0.039693287037037096 0.08573495370370372
123 0.5715393518518519 0.17407407407407408 0.026134259259259274 0.04803819444444444
180 0.1587326388888889 0.021099537037037035 0.026840277777777775 0.03789351851851852
128 0.8899363425925927 0.2365972222222222 0.07058449074074105 0.14321759259259262