102 0.42421875 0.19140625 0.07578125 0.175
171 0.04609375 0.19140625 0.053125 0.12265625
53 0.56328125 0.1953125 0.07109375 0.16875
3 0.22265625 0.21328125 0.078125 0.171875
102 0.42421875 0.4984375 0.0671875 0.15703125
53 0.56328125 0.5 0.07109375 0.17265625
180 0.1578125 0.0578125 0.04609375 0.1046875
142 0.71953125 0.70625 0.04375 0.0984375
102 0.42265625 0.7984375 0.0703125 0.15859375
53 0.5625 0.8 0.075 0.16796875
154 0.1046875 0.8234375 0.04296875 0.103125
29 0.04765625 0.85234375 0.06875 0.16796875
3 0.2375 0.890625 0.0484375 0.10546875
102 0.28828125 0.89140625 0.040625 0.09453125
71 0.81640625 0.0953125 0.04609375 0.1140625