160 0.67453125 0.25242476851851847 0.04792245370370374 0.0848668981481481
163 0.095625 0.23527199074074073 0.04116898148148147 0.08934606481481477
180 0.3377662037037037 0.031921296296296295 0.036967592592592614 0.04476851851851852
102 0.534513888888889 0.33045138888888886 0.04355324074074076 0.07693865740740743
3 0.41098379629629633 0.3283564814814815 0.044195601851851764 0.0746180555555556
102 0.5259953703703704 0.47420138888888885 0.04019675925925927 0.07293981481481478
3 0.40407407407407414 0.4713715277777778 0.0411168981481481 0.07530671296296312
102 0.7915393518518519 0.5626793981481482 0.04672453703703709 0.07781249999999992
164 0.9055092592592592 0.5676215277777779 0.06990162037037032 0.11359375000000008
137 0.658587962962963 0.5610879629629629 0.05164351851851858 0.08185763888888893
3 0.3920370370370371 0.6744965277777778 0.04263310185185185 0.0745717592592591
102 0.5129456018518519 0.6812094907407407 0.04980324074074076 0.0771238425925926
160 0.6463657407407407 0.767337962962963 0.04714120370370374 0.0848437500000001
102 0.504837962962963 0.8312326388888888 0.04373842592592592 0.08006365740740762
3 0.3829166666666667 0.8284027777777778 0.04405671296296294 0.07227430555555543
163 0.8726099537037036 0.13229166666666664 0.04930555555555571 0.09504629629629627
3 0.42015624999999995 0.1603645833333333 0.043599537037037096 0.07771990740740745
102 0.5427199074074074 0.1655613425925926 0.04686342592592592 0.08015625000000001