171 0.03532986111111112 0.48958912037037033 0.03778935185185186 0.09269675925925931
3 0.21692708333333335 0.2852256944444444 0.08237847222222223 0.13708333333333336
37 0.2796296296296296 0.05992476851851852 0.07488425925925926 0.11984953703703705
102 0.4036747685185185 0.28324074074074074 0.07586805555555554 0.1299594907407407
53 0.5921875 0.28670138888888885 0.07236689814814809 0.11975694444444444
53 0.5796585648148149 0.07505208333333332 0.07190393518518512 0.12833912037037037
102 0.7179398148148148 0.07300347222222223 0.07378472222222214 0.13695601851851852
141 0.8577546296296296 0.07015046296296296 0.07418981481481488 0.12681134259259258
137 0.6193287037037037 0.5763020833333333 0.07818287037037042 0.12921296296296295
79 0.4136574074074074 0.5738773148148149 0.07456597222222214 0.13696759259259253
55 0.6361111111111111 0.8394791666666667 0.07740162037037024 0.12920138888888885
28 0.940133101851852 0.8381018518518519 0.07962962962962976 0.12611111111111128
171 0.9736400462962962 0.44363425925925926 0.05271990740740762 0.0929282407407408