180 0.0859375 0.09921875 0.10390625 0.1
59 0.296875 0.16171875 0.0609375 0.0765625
136 0.390625 0.05 0.05390625 0.0859375
32 0.6859375 0.06015625 0.07421875 0.109375
59 0.8828125 0.159375 0.05703125 0.0796875
55 0.13046875 0.32734375 0.06953125 0.0953125
12 0.2984375 0.340625 0.07265625 0.09140625
55 0.39296875 0.32578125 0.07265625 0.103125
59 0.2953125 0.471875 0.05625 0.07890625
55 0.12890625 0.625 0.075 0.1015625
55 0.396875 0.6203125 0.071875 0.1
12 0.2953125 0.6359375 0.06953125 0.0859375
137 0.57890625 0.51640625 0.0640625 0.10234375
137 0.78984375 0.51328125 0.0640625 0.1078125
53 0.08984375 0.7953125 0.0640625 0.10625
53 0.24296875 0.79453125 0.06484375 0.1015625
53 0.42109375 0.79453125 0.059375 0.09453125
2 0.575 0.34609375 0.0671875 0.0984375