64 0.6484375 0.7984375 0.059375 0.090625
74 0.571875 0.8578125 0.059375 0.090625
63 0.7203125 0.859375 0.04609375 0.0828125
39 0.39921875 0.90625 0.0578125 0.084375
102 0.39140625 0.128125 0.03671875 0.06796875
53 0.24921875 0.13046875 0.0578125 0.1
137 0.73515625 0.1375 0.05546875 0.10234375
102 0.53984375 0.14453125 0.059375 0.0890625
10 0.63046875 0.146875 0.0609375 0.096875
137 0.92421875 0.14921875 0.0625 0.0984375
19 0.8265625 0.1515625 0.040625 0.10234375
37 0.24609375 0.26953125 0.08515625 0.09296875
180 0.09765625 0.03203125 0.0296875 0.05546875
123 0.52421875 0.346875 0.025 0.04296875
137 0.865625 0.37109375 0.0640625 0.10625
113 0.69765625 0.45 0.04921875 0.0984375
137 0.2515625 0.4640625 0.065625 0.08671875
9 0.43671875 0.4640625 0.05 0.08671875
32 0.14453125 0.471875 0.06640625 0.08671875
171 0.03125 0.475 0.04453125 0.08671875
3 0.35703125 0.47578125 0.06171875 0.08671875
36 0.8703125 0.55078125 0.0609375 0.06328125
102 0.596875 0.59453125 0.06484375 0.07109375
3 0.3921875 0.64375 0.06953125 0.075
33 0.87421875 0.70546875 0.046875 0.08671875
137 0.265625 0.76640625 0.04765625 0.06640625
139 0.39609375 0.76875 0.053125 0.0828125
6 0.15625 0.7703125 0.05859375 0.075
65 0.7 0.5921875 0.04609375 0.078125
90 0.87265625 0.86015625 0.03828125 0.065625
102 0.59296875 0.4578125 0.040625 0.06875