32 0.09609375 0.3875 0.04375 0.103125
37 0.09296875 0.61953125 0.05 0.10703125
6 0.20546875 0.6109375 0.04765625 0.10859375
137 0.20546875 0.384375 0.0453125 0.10625
132 0.359375 0.04765625 0.0359375 0.078125
3 0.4171875 0.2390625 0.0453125 0.103125
53 0.5390625 0.24140625 0.04453125 0.10234375
132 0.36015625 0.6265625 0.0328125 0.0796875
3 0.678125 0.23671875 0.046875 0.10234375
3 0.41796875 0.8203125 0.046875 0.1046875
3 0.67734375 0.81953125 0.0453125 0.103125
53 0.5390625 0.81640625 0.05 0.10625
53 0.80859375 0.2375 0.04453125 0.10078125
53 0.80859375 0.8171875 0.0421875 0.10234375
137 0.92890625 0.2375 0.04375 0.10078125
137 0.92890625 0.81796875 0.04609375 0.109375