180 0.0140625 0.1078125 0.02734375 0.02421875
32 0.5 0.15 0.08515625 0.0796875
125 0.07265625 0.29296875 0.028125 0.02734375
125 0.446875 0.29375 0.0328125 0.0265625
95 0.5015625 0.034375 0.10234375 0.06796875
137 0.86640625 0.3578125 0.08984375 0.08203125
59 0.3735974296875 0.3991015625 0.45359742968749994 0.3991015625 0.45359742968749994 0.32009765625000003 0.3735974296875 0.32009765625000003 0.3735974296875 0.3991015625
123 0.07265625 0.5 0.0265625 0.0265625
55 0.09375 0.559375 0.02578125 0.02578125
55 0.47265625 0.56015625 0.02734375 0.025
63 0.865625 0.58671875 0.08125 0.078125
42 0.509375 0.61171875 0.0546875 0.03671875
42 0.69140625 0.6125 0.05703125 0.0375
42 0.3125 0.61328125 0.0546875 0.0375
42 0.1296875 0.61328125 0.05546875 0.03359375
42 0.22265625 0.6140625 0.05625 0.03671875
42 0.60078125 0.6140625 0.05859375 0.03515625
123 0.07265625 0.74453125 0.0296875 0.025
53 0.5582066375 0.855517578125 0.6439346890625 0.855517578125 0.6439346890625 0.777998046875 0.5582066375 0.777998046875 0.5582066375 0.855517578125
53 0.17812098437499999 0.855517578125 0.262221628125 0.855517578125 0.262221628125 0.778974609375 0.17812098437499999 0.778974609375 0.17812098437499999 0.855517578125