171 0.033715277777777775 0.2881365740740741 0.05671875 0.1293576388888889
171 0.044861111111111115 0.7194675925925926 0.05977430555555555 0.12639467592592588
34 0.25569444444444445 0.3043287037037037 0.08307291666666669 0.12135995370370374
34 0.26362847222222224 0.7315914351851852 0.08371527777777779 0.11515046296296294
36 0.39737847222222217 0.1134664351851852 0.08696180555555558 0.12078125000000002
33 0.4041666666666667 0.313587962962963 0.07993055555555557 0.12041666666666666
33 0.5548958333333334 0.31906249999999997 0.08381944444444436 0.11983796296296294
33 0.41592013888888885 0.7371469907407407 0.08154513888888885 0.12284143518518516
33 0.5744618055555556 0.7430266203703704 0.08065972222222229 0.11811342592592596
33 0.7315625000000001 0.7542939814814815 0.082170138888889 0.11585069444444436
36 0.5223090277777778 0.948648726851852 0.08548611111111111 0.10270254629629605
88 0.9771180555555556 0.41844328703703704 0.045763888888888715 0.07619212962962969
88 0.9843619791666667 0.9722554976851852 0.03127604166666664 0.05548900462962969
34 0.9190451388888888 0.7632349537037036 0.08232638888888885 0.12288194444444436
137 0.8246006944444444 0.27061921296296293 0.058975694444444574 0.09045717592592588
88 0.8996354166666667 0.27607060185185184 0.05449652777777771 0.0644733796296296
102 0.8191666666666666 0.09631944444444446 0.06289930555555542 0.09144097222222222
31 0.8957118055555556 0.09950810185185185 0.055052083333333356 0.08947337962962962
55 0.8976736111111112 0.18778935185185186 0.06579861111111143 0.08144675925925923
141 0.9745659722222222 0.19031828703703704 0.050868055555555715 0.07931712962962964
27 0.9735850694444445 0.10281828703703703 0.05282986111111114 0.08087962962962965
98 0.8226909722222222 0.18468171296296296 0.058732638888889 0.07951967592592593