180 0.027905092592592596 0.024427083333333332 0.05581018518518519 0.048854166666666664
29 0.14557870370370368 0.09296875 0.07982060185185187 0.09947916666666665
28 0.15758680555555554 0.2299479166666667 0.07504050925925924 0.09760416666666671
32 0.2527141203703704 0.2331770833333333 0.08602430555555554 0.09911458333333334
137 0.3546701388888889 0.08901041666666668 0.08120370370370367 0.10968749999999998
137 0.36249421296296297 0.22104166666666666 0.07135995370370374 0.0880208333333333
136 0.7162037037037037 0.11000000000000001 0.07517361111111107 0.08671875
61 0.7327141203703704 0.24416666666666664 0.07788773148148138 0.09312500000000004
95 0.9195934606481482 0.18822916666666667 0.16081307870370373 0.11593749999999999
109 0.895028935185185 0.35692708333333334 0.06382523148148138 0.0921875
177 0.9739525462962962 0.36364583333333333 0.05209490740740748 0.09354166666666668
125 0.1442361111111111 0.38546874999999997 0.05006944444444441 0.05703125
125 0.5292071759259259 0.40802083333333333 0.05020833333333332 0.059375
125 0.5460995370370371 0.6799479166666667 0.04625578703703699 0.058333333333333216
125 0.16089699074074074 0.6534895833333334 0.04772569444444445 0.05687499999999997
55 0.2033912037037037 0.5170312499999999 0.07650462962962967 0.08291666666666657
55 0.6337673611111111 0.5441666666666667 0.07278356481481474 0.08578124999999996
95 0.402662037037037 0.33421874999999995 0.07553819444444443 0.07973958333333328
59 0.4112210648148148 0.46552083333333333 0.0685995370370371 0.08083333333333335
174 0.4147048611111111 0.655625 0.0725057870370371 0.08109375000000014
53 0.19645833333333332 0.7414583333333333 0.0642824074074074 0.08677083333333328
53 0.2874537037037037 0.7537499999999999 0.06364004629629631 0.0890625
53 0.5756886574074074 0.7721875 0.05890625000000007 0.08796874999999993
53 0.6626851851851852 0.78265625 0.06565972222222224 0.08375000000000003