180 0.021197916666666667 0.03630208333333333 0.03609375 0.061649305555555554
32 0.10432291666666667 0.5203298611111111 0.05364583333333335 0.07920138888888886
53 0.19343749999999998 0.14357638888888888 0.055208333333333345 0.09093749999999998
102 0.3558854166666666 0.13918402777777777 0.053749999999999964 0.08076388888888886
37 0.20218749999999996 0.2982986111111111 0.05572916666666661 0.0870486111111111
137 0.21760416666666668 0.5178125 0.05770833333333334 0.09333333333333335
3 0.33848958333333334 0.5119965277777778 0.05151041666666671 0.08227430555555557
9 0.4221354166666667 0.5109201388888889 0.05729166666666661 0.08708333333333336
3 0.39770833333333333 0.6961111111111111 0.05328124999999995 0.08543402777777782
139 0.4060416666666667 0.8445833333333332 0.05270833333333336 0.08854166666666644
37 0.41682291666666665 0.97109375 0.049687499999999926 0.043229166666666784
137 0.25979166666666664 0.845486111111111 0.053177083333333285 0.083871527777778
6 0.14203125 0.8512326388888889 0.05255208333333332 0.08619791666666679
102 0.5186979166666668 0.15199652777777778 0.046614583333333216 0.07904513888888891
10 0.6224999999999999 0.148125 0.056197916666666715 0.09407986111111111
137 0.7290104166666667 0.1496701388888889 0.05609374999999996 0.09251736111111111
19 0.8344270833333333 0.1465451388888889 0.05567708333333314 0.08626736111111111
137 0.9405729166666668 0.14262152777777776 0.057395833333333354 0.08864583333333335
102 0.6 0.4913194444444445 0.04401041666666661 0.0867881944444445
113 0.71421875 0.49112847222222217 0.05161458333333328 0.08383680555555557
65 0.7275 0.6316666666666666 0.059531249999999855 0.09727430555555543
102 0.6088541666666666 0.6358680555555555 0.05208333333333322 0.07916666666666679
64 0.68390625 0.8579687500000001 0.05458333333333343 0.09326388888888885
63 0.7677604166666667 0.9304340277777777 0.05770833333333343 0.09333333333333335
74 0.6053645833333333 0.9356076388888889 0.05338541666666661 0.08699652777777764
137 0.9003125000000001 0.3954513888888889 0.056093750000000143 0.09251736111111111
36 0.9142708333333334 0.5813541666666666 0.05421875000000007 0.08779513888888886
33 0.9265104166666667 0.7649479166666666 0.055364583333333425 0.09328125000000007
90 0.9365625000000002 0.9274652777777778 0.05015624999999986 0.08536458333333315
123 0.5158854166666667 0.36800347222222224 0.030364583333333427 0.04592013888888893