109 0.0773900462962963 0.2598784722222222 0.059537037037037055 0.11098958333333338
100 0.640462962962963 0.3410243055555556 0.09887152777777786 0.1330034722222222
142 0.9628327546296298 0.36508680555555556 0.07433449074074047 0.14124999999999996
136 0.18864583333333335 0.3310763888888889 0.08012152777777777 0.1321701388888889
55 0.49024884259259255 0.3452604166666667 0.09015625000000008 0.1302777777777778
59 0.31841435185185185 0.3384027777777778 0.08317708333333336 0.11593749999999999
137 0.029728009259259263 0.42300347222222223 0.021417824074074075 0.11241319444444446
137 0.8317824074074075 0.6184375 0.07774884259259238 0.1164756944444445
55 0.5060821759259259 0.6055208333333333 0.08728587962962955 0.12001736111111114
137 0.5180555555555555 0.8063715277777778 0.08125 0.10883680555555557
131 0.9732320601851852 0.845486111111111 0.05353587962962969 0.1344618055555557
53 0.07600115740740741 0.8794791666666667 0.06737847222222222 0.12692708333333336
3 0.30276620370370366 0.8934548611111112 0.0854282407407407 0.12928819444444456
102 0.18652199074074077 0.89140625 0.08839120370370371 0.1263020833333332
130 0.8093981481481481 0.11157986111111111 0.09108796296296298 0.14824652777777775
55 0.8177951388888889 0.3637152777777778 0.09698495370370352 0.1266840277777778