180 0.28671875 0.153125 0.028125 0.05078125
21 0.65390625 0.1875 0.0296875 0.05
171 0.07265625 0.24609375 0.0390625 0.0703125
40 0.365625 0.25 0.03515625 0.0671875
41 0.59609375 0.253125 0.03125 0.0609375
137 0.75859375 0.253125 0.0328125 0.0625
20 0.6546875 0.346875 0.034375 0.0609375
100 0.53046875 0.3484375 0.03359375 0.0671875
102 0.46640625 0.34921875 0.03671875 0.065625
131 0.7578125 0.4609375 0.034375 0.0640625
8 0.365625 0.4765625 0.03359375 0.0640625
3 0.46640625 0.47734375 0.03515625 0.0625
102 0.5703125 0.578125 0.0328125 0.0640625
102 0.36484375 0.57890625 0.0359375 0.06796875
102 0.465625 0.57890625 0.03203125 0.0625
3 0.66640625 0.58046875 0.03515625 0.065625
127 0.7578125 0.6796875 0.03203125 0.0625
128 0.465625 0.74921875 0.03359375 0.06484375
128 0.57109375 0.74921875 0.0359375 0.06484375
53 0.66640625 0.7515625 0.03359375 0.059375
128 0.36640625 0.75234375 0.0328125 0.05859375
180 0.03984375 0.96484375 0.059375 0.06484375