136 0.50625 0.11796875 0.046875 0.059375
180 0.05625 0.14296875 0.0421875 0.04921875
137 0.91953125 0.2171875 0.046875 0.059375
32 0.5046875 0.21796875 0.05625 0.0578125
59 0.50625 0.340625 0.04765625 0.0640625
125 0.603125 0.378125 0.04609375 0.0546875
125 0.2015625 0.3828125 0.05234375 0.06015625
12 0.50546875 0.4359375 0.04296875 0.05
55 0.703125 0.45546875 0.0609375 0.06796875
55 0.31171875 0.45625 0.05859375 0.071875
171 0.39921875 0.05546875 0.0546875 0.06875
59 0.50625 0.5671875 0.046875 0.05703125
171 0.6140625 0.05859375 0.0609375 0.06875
125 0.60390625 0.5984375 0.04921875 0.0578125
125 0.20078125 0.59921875 0.05078125 0.0609375
12 0.50625 0.65546875 0.04140625 0.05234375
55 0.70390625 0.67265625 0.05703125 0.06484375
55 0.3109375 0.6734375 0.0609375 0.06953125
123 0.6046875 0.8171875 0.04765625 0.05625
123 0.2015625 0.81796875 0.04921875 0.059375
128 0.70625 0.85 0.0421875 0.0546875
128 0.3109375 0.85234375 0.04609375 0.05546875