55 0.8790972222222223 0.2553125 0.053750000000000145 0.10149305555555559
132 0.40166666666666667 0.019114583333333334 0.03963541666666668 0.03822916666666667
95 0.22321180555555556 0.3129050925925926 0.09432291666666667 0.13666666666666671
3 0.469548611111111 0.322494212962963 0.07901041666666657 0.14980324074074075
125 0.7215104166666666 0.3949479166666666 0.036527777777777715 0.0638020833333334
1 0.8771354166666667 0.4138136574074075 0.049843750000000145 0.10126157407407418
55 0.8768923611111111 0.5651909722222223 0.05067708333333343 0.10365162037037035
180 0.4611111111111111 0.6319618055555555 0.06927083333333321 0.09773148148148145
95 0.64296875 0.8747569444444444 0.10128472222222218 0.13395833333333335
102 0.5939409722222223 0.06823784722222223 0.07979166666666657 0.13647569444444446
109 0.04579861111111111 0.11587962962962964 0.04569444444444444 0.1252025462962963
123 0.7285069444444444 0.08010416666666667 0.035833333333333425 0.06766203703703703
102 0.8792881944444444 0.10627893518518519 0.05059027777777771 0.09974537037037039