102 0.40859375 0.1390625 0.07890625 0.0921875
87 0.83984375 0.15390625 0.07265625 0.0671875
139 0.9140625 0.3375 0.0640625 0.09921875
139 0.7515625 0.3375 0.0703125 0.09609375
139 0.83359375 0.34140625 0.06796875 0.09609375
171 0.06640625 0.3421875 0.07734375 0.09765625
3 0.4046875 0.34296875 0.06640625 0.09140625
102 0.40625 0.53515625 0.07734375 0.0828125
36 0.25625 0.61953125 0.06640625 0.11171875
81 0.0921875 0.6203125 0.08125 0.1140625
102 0.58671875 0.85625 0.07890625 0.103125
28 0.40546875 0.859375 0.0671875 0.0875