53 0.900920138888889 0.4146122685185185 0.09824652777777772 0.1987268518518519
102 0.4755208333333334 0.42045717592592596 0.08917824074074084 0.1739293981481481
102 0.7355439814814815 0.4521701388888889 0.09328703703703703 0.178125
3 0.2991087962962963 0.4252893518518518 0.09394675925925924 0.17583912037037042
88 0.6062268518518519 0.5997974537037037 0.0776331018518519 0.16140046296296298
137 0.9090393518518518 0.7062789351851853 0.0784143518518519 0.1614583333333334
137 0.7463252314814814 0.7051215277777778 0.09635995370370373 0.19236111111111107
37 0.3223553240740741 0.7235243055555556 0.08593171296296295 0.17135416666666678
179 0.49447337962962956 0.8460069444444445 0.09931134259259267 0.20425347222222215
27 0.6999074074074073 0.9055844907407409 0.08827546296296304 0.17152777777777786
180 0.2730613425925926 0.13307291666666668 0.07064236111111111 0.16166087962962963