15 0.2234375 0.1921875 0.03671875 0.05078125
125 0.63359375 0.24140625 0.04453125 0.05
123 0.2484375 0.24140625 0.0375 0.05078125
59 0.28269736875 0.3765016921875 0.35024122812499997 0.3765016921875 0.35024122812499997 0.29554568593749997 0.28269736875 0.29554568593749997 0.28269736875 0.3765016921875
112 0.7390625 0.33671875 0.06796875 0.08203125
55 0.47421875 0.33984375 0.0765625 0.10546875
137 0.39609375 0.04921875 0.06875 0.0796875
95 0.934740496875 0.54334179375 0.9961659359375 0.54334179375 0.9961659359375 0.4681302875 0.934740496875 0.4681302875 0.934740496875 0.54334179375
59 0.0531652046875 0.5478553296875 0.12323830468750001 0.5478553296875 0.12323830468750001 0.4647504234375 0.0531652046875 0.4647504234375 0.0531652046875 0.5478553296875
28 0.49760599375 0.09173011875 0.5699524859375 0.09173011875 0.5699524859375 0.0112817265625 0.49760599375 0.0112817265625 0.49760599375 0.09173011875
63 0.675 0.0515625 0.065625 0.07421875
15 0.2234375 0.5453125 0.03671875 0.04609375
123 0.24921875 0.596875 0.04140625 0.046875
125 0.63359375 0.59765625 0.04375 0.05234375
136 0.0890625 0.665625 0.06484375 0.07734375
112 0.7390625 0.69296875 0.06171875 0.07734375
64 0.47265625 0.69453125 0.0671875 0.0984375
59 0.28123903437500003 0.73273265625 0.348293128125 0.73273265625 0.348293128125 0.65763959375 0.28123903437500003 0.65763959375 0.28123903437500003 0.73273265625