171 0.046875 0.4209027777777778 0.049444444444444444 0.0980381944444444
37 0.22939814814814818 0.16996527777777776 0.04884259259259256 0.08788194444444448
37 0.32232060185185185 0.16505208333333332 0.04778935185185187 0.09640624999999999
87 0.4187384259259259 0.16624999999999998 0.05132523148148156 0.0903298611111111
32 0.1312962962962963 0.4179340277777778 0.0490277777777778 0.09100694444444457
137 0.2454513888888889 0.41442708333333333 0.05298032407407405 0.09196180555555564
53 0.5886631944444444 0.11248263888888888 0.04428819444444443 0.07677083333333332
102 0.5282465277777778 0.25616319444444446 0.04038194444444443 0.07659722222222225
102 0.6665277777777778 0.2500173611111111 0.040978009259259277 0.0735069444444445
102 0.5561168981481481 0.7264756944444445 0.04208333333333343 0.07901041666666657
102 0.8805381944444445 0.6493923611111111 0.03978587962962976 0.0796875
142 0.5961689814814815 0.25236111111111115 0.04166666666666678 0.07197916666666666
3 0.5378645833333333 0.39203124999999994 0.04401041666666679 0.07208333333333332
3 0.5486574074074074 0.5873784722222222 0.040011574074074116 0.07034722222222226
160 0.6673958333333333 0.6612152777777778 0.04015046296296294 0.07269097222222207
165 0.7669675925925926 0.20012152777777778 0.042314814814814736 0.08291666666666667
168 0.8546990740740741 0.20013888888888887 0.04194444444444443 0.07666666666666666
38 0.9406828703703702 0.19710069444444445 0.04300347222222243 0.08138888888888891
66 0.8611863425925925 0.3228298611111111 0.042037037037037095 0.07822916666666666
133 0.7752488425925925 0.32664930555555555 0.0412557870370371 0.0781944444444445
100 0.7744270833333333 0.6564583333333334 0.042175925925925915 0.08057291666666658
137 0.6759085648148148 0.7916493055555556 0.03909143518518512 0.06796875
65 0.9673032407407408 0.6463194444444444 0.03881944444444443 0.07652777777777775