59 0.3859375 0.2375 0.03984375 0.0703125
59 0.3890625 0.59765625 0.0421875 0.07265625
176 0.259375 0.415625 0.0421875 0.07421875
176 0.51328125 0.41640625 0.04296875 0.075
55 0.26796875 0.784375 0.04296875 0.07421875
55 0.5140625 0.77890625 0.0421875 0.07578125
12 0.390625 0.7609375 0.04453125 0.0734375
123 0.2140625 0.3125 0.03203125 0.05
123 0.21796875 0.68515625 0.0296875 0.0640625
96 0.73828125 0.5828125 0.04140625 0.07734375
123 0.2171875 0.94140625 0.02734375 0.05703125
95 0.91015625 0.56171875 0.1125 0.125