144 0.4774826388888888 0.4441377314814815 0.07032986111111121 0.10832754629629626
102 0.32046875 0.445318287037037 0.05999421296296301 0.0840335648148148
3 0.2017534722222222 0.4491261574074074 0.07022569444444446 0.09426504629629626
107 0.7610416666666666 0.5470138888888889 0.05523726851851851 0.07462384259259255
144 0.5815972222222221 0.5784953703703704 0.05443865740740748 0.07227430555555543
144 0.4763773148148148 0.6113078703703703 0.049108796296296296 0.09098379629629641
137 0.3123668981481481 0.6171238425925927 0.0569618055555555 0.09651041666666664
144 0.7940335648148148 0.6769386574074074 0.04891782407407419 0.0652025462962964
144 0.7198437500000001 0.6802951388888889 0.05276620370370359 0.05741898148148152
144 0.9480034722222221 0.6866724537037037 0.06075810185185162 0.08169560185185176
177 0.2659837962962963 0.05040509259259259 0.06863425925925926 0.09034722222222222
53 0.1464236111111111 0.7838541666666667 0.05064236111111109 0.08708912037037049
137 0.5402662037037037 0.7992708333333333 0.0506712962962963 0.09099537037037031
109 0.16758680555555555 0.05514467592592592 0.04845486111111112 0.10816550925925925
83 0.46215277777777775 0.8002546296296297 0.0459837962962963 0.09096064814814823
83 0.3168634259259259 0.8023032407407407 0.049097222222222216 0.08942129629629605
137 0.23795717592592594 0.80171875 0.03646990740740739 0.07214120370370374
137 0.39265046296296297 0.8036458333333332 0.04902199074074076 0.07926504629629605
144 0.7114641203703703 0.8146006944444444 0.06608217592592602 0.06220486111111114
144 0.7958738425925926 0.8199131944444444 0.05692129629629612 0.09104166666666665
53 0.02678240740740741 0.662662037037037 0.04451388888888889 0.10344907407407397
105 0.9450868055555557 0.8202372685185185 0.049045138888888576 0.0823900462962964