180 0.010092592592592592 0.09638888888888889 0.018929398148148147 0.02519097222222222
32 0.5033854166666666 0.11457754629629631 0.08810185185185197 0.08578703703703701
125 0.06696180555555556 0.28257523148148145 0.029114583333333322 0.029623842592592632
125 0.4497858796296296 0.26428819444444446 0.033796296296296366 0.0290856481481482
95 0.5033333333333333 0.01642795138888889 0.10432291666666664 0.03285590277777778
137 0.8791782407407407 0.3076736111111111 0.09281250000000014 0.08915509259259266
59 0.457097290625 0.2905710171875 0.37534674375 0.294809934375 0.37594480625000004 0.3755484578125 0.457695353125 0.371309540625 0.457097290625 0.2905710171875
123 0.0693113425925926 0.49425347222222216 0.02675925925925926 0.027939814814814667
55 0.09085648148148148 0.5540972222222222 0.02675925925925926 0.027939814814814844
55 0.47836226851851854 0.5347858796296296 0.028315972222222284 0.027239583333333428
63 0.8801273148148148 0.5413078703703704 0.08418402777777771 0.08402199074074072
42 0.5170370370370371 0.585925925925926 0.05652777777777764 0.04041666666666668
42 0.7021932870370371 0.5763252314814815 0.058096064814814954 0.04127893518518526
42 0.31469907407407405 0.597199074074074 0.055752314814814775 0.041157407407407476
42 0.12876736111111112 0.6076215277777777 0.05728587962962961 0.03733217592592588
42 0.2232986111111111 0.6027199074074074 0.058090277777777824 0.04049768518518526
42 0.6092418981481481 0.5834895833333332 0.060422453703703735 0.03905671296296305
123 0.07116319444444444 0.7442534722222222 0.02987847222222222 0.027320601851851832
53 0.6550658046875 0.7484398109375 0.5674618671875 0.7529822375 0.56804869375 0.83220379375 0.65565263125 0.8276613671874999 0.6550658046875 0.7484398109375
53 0.2650075515625 0.769663440625 0.1790666328125 0.7741196359375 0.1796460671875 0.8523431890625 0.2655869859375 0.8478869937500001 0.2650075515625 0.769663440625