1 0.754207175925926 0.13135416666666666 0.05183449074074069 0.07146990740740744
1 0.18551504629629628 0.1310474537037037 0.04949074074074074 0.07145254629629631
125 0.787818287037037 0.18550347222222224 0.028773148148148308 0.04395833333333332
125 0.5315682870370371 0.1836053240740741 0.028831018518518547 0.04786458333333332
125 0.21912615740740743 0.18519675925925924 0.027968749999999966 0.04239004629629628
64 0.5410532407407407 0.24382523148148144 0.03354166666666671 0.04946180555555557
74 0.7433101851851852 0.29219328703703706 0.03197916666666671 0.04945023148148149
74 0.17541087962962962 0.2926736111111111 0.03276041666666667 0.04945601851851853
28 0.6047916666666666 0.3278819444444444 0.056603009259259277 0.07697337962962969
28 0.038535879629629635 0.33384259259259264 0.056521990740740734 0.0715046296296297
31 0.870636574074074 0.34469328703703705 0.06151041666666686 0.09185185185185185
31 0.30190972222222223 0.34204282407407405 0.05754629629629626 0.08791666666666664
94 0.4922916666666667 0.010677083333333334 0.03300925925925924 0.013524305555555555
81 0.052170138888888884 0.8323263888888889 0.06563657407407408 0.10672453703703724
14 0.5006076388888889 0.8356481481481481 0.08717013888888889 0.1365682870370371
14 0.849056712962963 0.8390104166666668 0.08396412037037031 0.13107638888888892
17 0.18422453703703706 0.8348668981481481 0.08638888888888889 0.13656250000000014
45 0.675630787037037 0.8385069444444444 0.08398726851851848 0.13263888888888892
45 0.3397164351851852 0.8375810185185184 0.08636574074074073 0.13500000000000015
88 0.5885416666666667 0.07466435185185186 0.06494212962962961 0.05984953703703706
88 0.02527199074074074 0.07127314814814814 0.04860532407407407 0.06441550925925925
55 0.17072337962962963 0.3980960648148148 0.03849537037037036 0.06746527777777782
55 0.7370717592592593 0.39838541666666666 0.03615162037037045 0.06744791666666669
96 0.18405671296296294 0.032609953703703703 0.05092592592592591 0.06287037037037037
96 0.7527951388888889 0.03604166666666666 0.046215277777777786 0.061273148148148146