171 0.049479166666666664 0.07928819444444443 0.07902199074074075 0.06814236111111112
55 0.5484664351851852 0.18244791666666665 0.07540509259259257 0.071875
11 0.7938368055555556 0.19413194444444443 0.06958912037037024 0.06694444444444443
108 0.7017650462962963 0.19159722222222222 0.07103587962962958 0.06545138888888888
56 0.8689525462962964 0.19902777777777775 0.06984953703703703 0.05994791666666668
112 0.37766203703703705 0.17875000000000002 0.0666666666666667 0.05902777777777777
135 0.05653935185185186 0.195625 0.05908564814814814 0.06180555555555558
12 0.3946469907407407 0.3554861111111111 0.0432581018518519 0.02684027777777782
56 0.9808159722222222 0.3829340277777778 0.03836805555555571 0.07302083333333335
12 0.5784143518518519 0.36598958333333337 0.0668981481481481 0.062152777777777855
32 0.06927083333333332 0.3464756944444445 0.06657986111111111 0.06836805555555561
1 0.30682870370370374 0.3578125 0.060416666666666605 0.05875000000000004
95 0.19126157407407407 0.35345486111111113 0.0620949074074074 0.060381944444444446
180 0.1408275462962963 0.01949652777777778 0.05978009259259261 0.029131944444444446
112 0.40625 0.5436631944444444 0.06359953703703702 0.059670138888888856
108 0.7266203703703704 0.5586805555555555 0.06365740740740726 0.06045138888888886
11 0.8236111111111111 0.5645486111111111 0.07175925925925952 0.064704861111111
125 0.2888599537037037 0.4411111111111111 0.03758680555555553 0.034375
125 0.5044849537037036 0.45069444444444445 0.04184027777777786 0.03923611111111107
125 0.7028645833333333 0.45873263888888893 0.03825231481481488 0.03284722222222225
57 0.894704861111111 0.5677083333333334 0.06684027777777786 0.06137152777777786