136 0.58984375 0.11640625 0.065625 0.05078125
32 0.45625 0.1953125 0.0703125 0.0578125
137 0.1859375 0.253125 0.06796875 0.05234375
125 0.30390625 0.33671875 0.0515625 0.0359375
125 0.73515625 0.33671875 0.04609375 0.040625
176 0.75234375 0.196875 0.0703125 0.0484375
150 0.90859375 0.10078125 0.06796875 0.05859375
112 0.37265625 0.375 0.0578125 0.0453125
112 0.80625 0.37421875 0.0640625 0.05078125
123 0.30390625 0.4859375 0.0484375 0.03515625
123 0.7359375 0.484375 0.0515625 0.0375
123 0.30625 0.6671875 0.0484375 0.0390625
123 0.73671875 0.66484375 0.053125 0.040625
59 0.58671875 0.4296875 0.06796875 0.0546875
59 0.5890625 0.67734375 0.071875 0.053125
176 0.2890625 0.1359375 0.06953125 0.05390625
180 0.03125 0.08984375 0.06171875 0.05
177 0.3140625 0.0296875 0.071875 0.0546875
55 0.37109375 0.55078125 0.078125 0.0609375
55 0.7890625 0.55078125 0.07734375 0.065625
55 0.375 0.74140625 0.08203125 0.059375
55 0.7859375 0.73984375 0.08203125 0.06171875
12 0.590625 0.7265625 0.0703125 0.05625
12 0.5828125 0.53671875 0.0796875 0.053125
123 0.3078125 0.85 0.0484375 0.03671875
123 0.73984375 0.8484375 0.05546875 0.03671875
56 0.134375 0.740625 0.065625 0.0546875
62 0.13671875 0.896875 0.06640625 0.05
128 0.37421875 0.9046875 0.0640625 0.0515625
128 0.803125 0.90546875 0.06171875 0.04609375