180 0.06780671296296296 0.07861689814814814 0.025370370370370356 0.05185185185185186
58 0.5766087962962964 0.06906828703703703 0.050706018518518546 0.0990162037037037
136 0.9336631944444445 0.05025318287037037 0.05546875 0.10050636574074075
22 0.9403761574074074 0.21331018518518516 0.050723379629629764 0.10135995370370372
125 0.8404050925925926 0.22462384259259255 0.023784722222222145 0.04861111111111107
125 0.1419675925925926 0.2763599537037037 0.023755787037037023 0.04470486111111107
1 0.4883796296296296 0.29369212962962965 0.041869212962962976 0.06556712962962967
112 0.17929976851851853 0.3564525462962963 0.041128472222222226 0.07097800925925926
112 0.8090104166666666 0.3129340277777778 0.039548611111111145 0.0685185185185185
171 0.4885127314814815 0.016116898148148144 0.159837962962963 0.03223379629629629
123 0.1445659722222222 0.5216145833333334 0.02218171296296294 0.043026620370370236
123 0.8438020833333333 0.4721643518518519 0.023773148148148238 0.04704861111111107
55 0.713519925 0.477603203125 0.6890593 0.4794151015625 0.6894011453125 0.5255641703125 0.7138617703125 0.5237522718750001 0.713519925 0.477603203125
55 0.2861400462962963 0.5337962962962963 0.02690393518518519 0.04806134259259256
68 0.9460300925925926 0.5544849537037037 0.05385416666666672 0.10237268518518512
42 0.6155613425925927 0.5789641203703704 0.0465856481481481 0.0698206018518519
42 0.3640219907407407 0.6007233796296296 0.049710648148148094 0.07005208333333321
128 0.1948726851851852 0.7703703703703704 0.05306712962962958 0.10153356481481488
128 0.8058680555555554 0.7329282407407407 0.050723379629629764 0.10135995370370363
42 0.3662094907407408 0.7905092592592593 0.05048611111111114 0.06932870370370363
42 0.6177893518518518 0.77421875 0.04969328703703688 0.06770833333333322
140 0.9491666666666667 0.766869212962963 0.05151620370370367 0.10298032407407405