171 0.04140625 0.05703125 0.07421875 0.11171875
141 0.32421875 0.0546875 0.0609375 0.0890625
31 0.5 0.0515625 0.07890625 0.10234375
28 0.628125 0.05078125 0.0765625 0.1015625
158 0.7296875 0.0546875 0.084375 0.109375
36 0.23359375 0.22265625 0.0734375 0.103125
171 0.0421875 0.35546875 0.08046875 0.12109375
34 0.30546875 0.36015625 0.0703125 0.1015625
33 0.4015625 0.3578125 0.071875 0.10390625
33 0.4953125 0.36015625 0.06953125 0.1015625
33 0.5828125 0.359375 0.07265625 0.1
33 0.67109375 0.35703125 0.07265625 0.10546875
33 0.7640625 0.35703125 0.0703125 0.10234375
58 0.934375 0.16953125 0.07421875 0.10546875
58 0.93828125 0.359375 0.07890625 0.1109375
63 0.93515625 0.634375 0.075 0.10703125
147 0.93203125 0.87109375 0.06875 0.10078125
102 0.64296875 0.86953125 0.071875 0.10546875
137 0.28828125 0.875 0.0796875 0.109375
88 0.05546875 0.74375 0.05625 0.05
27 0.05390625 0.84140625 0.05390625 0.0765625
39 0.05546875 0.9453125 0.0484375 0.0671875