180 0.16131944444444443 0.01636284722222222 0.03517361111111113 0.03272569444444444
171 0.056076388888888884 0.18225694444444446 0.048263888888888884 0.06354166666666669
136 0.05444444444444445 0.43138888888888893 0.06270833333333332 0.08104166666666668
96 0.23036458333333334 0.4212326388888889 0.053125 0.07145833333333336
112 0.3643923611111111 0.22303819444444445 0.043454861111111145 0.057968750000000034
125 0.3096875 0.11961805555555556 0.03057291666666666 0.04050347222222221
125 0.29947916666666663 0.5087152777777778 0.028125 0.03576388888888893
171 0.04795138888888889 0.6181597222222223 0.0452951388888889 0.07050347222222228
112 0.3536458333333333 0.6012152777777777 0.040399305555555556 0.06102430555555553
55 0.49826388888888895 0.24270833333333336 0.07081597222222236 0.09449652777777776
55 0.49079861111111106 0.5786458333333334 0.06918402777777785 0.0913368055555555
55 0.7067187500000001 0.24432291666666667 0.07076388888888889 0.09215277777777775
55 0.7017361111111111 0.5739583333333333 0.07079861111111115 0.09371527777777774
123 0.6147048611111112 0.48453125 0.028177083333333287 0.03810763888888893
123 0.6240625 0.0985763888888889 0.030590277777777786 0.041284722222222216
13 0.45572916666666663 0.15385416666666668 0.027326388888888786 0.0349652777777778
59 0.6046354166666668 0.4105729166666666 0.047378472222222356 0.05883680555555557
56 0.7210243055555555 0.40876736111111106 0.045052083333333215 0.059565972222222284
11 0.8616145833333334 0.1612326388888889 0.04744791666666685 0.06196180555555557
62 0.8592881944444445 0.2659201388888889 0.052065972222222354 0.058940972222222235
62 0.8542708333333333 0.5268402777777779 0.049687499999999926 0.05732638888888886
11 0.8511631944444444 0.6315451388888889 0.04748263888888893 0.06352430555555558
13 0.6596354166666667 0.14932291666666667 0.028125 0.03576388888888889