102 0.4952256944444445 0.19120949074074076 0.045954861111111 0.10109953703703703
3 0.4022569444444445 0.19052083333333333 0.049265046296296335 0.1073726851851852
160 0.585 0.19421874999999997 0.05048611111111114 0.12222222222222223
171 0.03796296296296296 0.19563657407407406 0.05659722222222222 0.11758101851851857
3 0.21550925925925926 0.2164872685185185 0.0813310185185185 0.16150462962962964
3 0.3943113425925926 0.4850578703703704 0.04848379629629633 0.10736689814814823
102 0.4880381944444444 0.48653356481481486 0.04351851851851851 0.09795717592592582
160 0.5770775462962963 0.4879745370370371 0.051886574074073974 0.1167650462962964
180 0.15529513888888888 0.059756944444444446 0.04498842592592593 0.09484375
3 0.3845949074074074 0.7866145833333332 0.04857638888888882 0.11049189814814823
102 0.47519675925925925 0.7880671296296295 0.045196759259259166 0.10187500000000008
160 0.5664409722222222 0.794212962962963 0.0485069444444445 0.10814814814814824
154 0.07677083333333333 0.8374710648148149 0.046070601851851856 0.10500578703703703
29 0.02729311342592593 0.8659375 0.05458622685185186 0.16927662037037053
28 0.13554976851851852 0.9371469907407407 0.04993055555555555 0.10347222222222215