59 0.7043113425925925 0.3425752314814815 0.06776620370370381 0.12437499999999994
59 0.24178240740740745 0.31937499999999996 0.06513310185185191 0.11644097222222224
13 0.23726851851851852 0.44125 0.029369212962962975 0.05610532407407405
13 0.7004918981481482 0.46683449074074074 0.030700231481481488 0.04993634259259263
55 0.1447627314814815 0.4450636574074074 0.04762731481481479 0.08590277777777774
55 0.6071469907407407 0.47217013888888887 0.040567129629629585 0.08475694444444457
55 0.32653356481481477 0.46153356481481483 0.051012731481481485 0.09309606481481474
55 0.7897280092592592 0.4878993055555556 0.050549768518518515 0.08059606481481474
180 0.019618055555555555 0.0409375 0.03113425925925926 0.061655092592592595
13 0.23153935185185187 0.5959375 0.03081597222222223 0.05306134259259245
13 0.6940104166666666 0.6207002314814816 0.028414351851851906 0.05137731481481467
55 0.3209490740740741 0.6123148148148149 0.04597800925925925 0.08347800925925916
55 0.784230324074074 0.6363368055555556 0.05066550925925917 0.08372106481481474
55 0.6037037037037036 0.6285416666666667 0.05167824074074083 0.09001157407407412
55 0.13802083333333331 0.6059606481481481 0.043634259259259255 0.08335648148148138
137 0.6878182870370371 0.7667534722222221 0.050115740740740836 0.11098379629629633
136 0.46964699074074073 0.10575810185185186 0.06909722222222214 0.11820601851851853
132 0.02132523148148148 0.16391782407407407 0.03619791666666667 0.07205439814814815
132 0.4845486111111111 0.1895023148148148 0.030092592592592737 0.05458333333333334
128 0.598292824074074 0.7746354166666667 0.047511574074074046 0.08277777777777792
128 0.31707175925925923 0.7592708333333333 0.048379629629629585 0.08516203703703713
128 0.1333622685185185 0.7528761574074074 0.04832175925925926 0.08359953703703696