54 0.11851273148148148 0.2708622685185185 0.04700810185185187 0.09453125
137 0.34190972222222216 0.26336805555555554 0.07115162037037041 0.1390914351851852
137 0.22858796296296297 0.2683449074074074 0.038576388888888855 0.09733796296296297
137 0.7214756944444444 0.25164930555555554 0.07168981481481466 0.1344328703703704
54 0.9738194444444446 0.24230324074074075 0.028379629629629477 0.09618055555555553
54 0.5103356481481482 0.26336805555555554 0.04412615740740726 0.09910300925925926
55 0.10864004629629628 0.4763020833333334 0.05674768518518518 0.10190972222222214
55 0.9633275462962964 0.44464699074074077 0.028136574074073904 0.09149305555555554
56 0.8397685185185185 0.4515625 0.05646412037037045 0.09644097222222214
56 0.22097800925925926 0.4752604166666667 0.05580439814814815 0.09875578703703702
16 0.7107812499999999 0.4578993055555555 0.07148726851851847 0.1305266203703704
16 0.33253472222222225 0.47424768518518523 0.07872106481481485 0.13469328703703703
55 0.498900462962963 0.4688657407407407 0.05366319444444443 0.10257523148148148
128 0.4888136574074074 0.6633969907407408 0.0539467592592592 0.10804398148148149
128 0.09568287037037036 0.6810763888888889 0.057690972222222234 0.10506365740740727
137 0.2088425925925926 0.679224537037037 0.04182291666666664 0.09979745370370381
137 0.32208333333333333 0.6758101851851851 0.06836226851851848 0.13041087962962977
128 0.9486053240740742 0.6533854166666666 0.03589699074074062 0.10581597222222214
137 0.7000868055555556 0.6641493055555555 0.07567708333333342 0.1361400462962962
180 0.03635416666666667 0.006626157407407407 0.030416666666666668 0.013252314814814814
132 0.04009259259259259 0.053877314814814815 0.03136574074074074 0.06354166666666668
132 0.6212615740740741 0.03391203703703703 0.032806712962963044 0.061255787037037046