3 0.2518518518518519 0.2873090277777778 0.07442129629629628 0.12215277777777782
102 0.4294270833333334 0.2812384259259259 0.07337962962962977 0.12910300925925924
53 0.608738425925926 0.2774305555555555 0.07824074074074083 0.13168981481481482
79 0.4500868055555555 0.5601446759259259 0.07320601851851852 0.12675925925925924
137 0.6464699074074074 0.5538831018518519 0.07728587962962977 0.12930555555555562
28 0.9620225694444444 0.7939178240740741 0.07595486111111108 0.1285648148148148
37 0.3044560185185185 0.06577546296296297 0.07572337962962958 0.12922453703703704
53 0.5899594907407407 0.07685185185185185 0.07664930555555553 0.12071180555555554
102 0.7245081018518519 0.07222800925925925 0.07494212962962976 0.12918402777777777
171 0.07352430555555556 0.4949710648148148 0.05575810185185186 0.09083333333333332
141 0.8578703703703704 0.0626634837962963 0.07939814814814809 0.1253269675925926
171 0.976685474537037 0.415005787037037 0.04662905092592595 0.09075231481481474
55 0.671412037037037 0.8059027777777779 0.08003472222222215 0.13489583333333358