100 0.39453125 0.27109375 0.0734375 0.13515625
10 0.94453125 0.2765625 0.07890625 0.12890625
100 0.56796875 0.38125 0.071875 0.1375
137 0.75390625 0.38125 0.0375 0.075
3 0.0671875 0.51484375 0.075 0.128125
102 0.2765625 0.51640625 0.04140625 0.078125
102 0.7890625 0.56015625 0.0421875 0.08203125
53 0.4515625 0.7734375 0.0796875 0.13125
7 0.92265625 0.85546875 0.07421875 0.13515625
171 0.81796875 0.86328125 0.04453125 0.0921875
102 0.7375 0.87265625 0.0546875 0.096875
100 0.5671875 0.16640625 0.07421875 0.134375
137 0.753125 0.17109375 0.040625 0.07265625