37 0.0679050925925926 0.6457118055555555 0.04572916666666667 0.05893518518518519
145 0.06810185185185186 0.7246643518518519 0.03945023148148148 0.05465856481481488
29 0.8172106481481481 0.78390625 0.04024305555555543 0.05626736111111104
87 0.06594907407407406 0.8042592592592592 0.04574074074074073 0.06049768518518519
128 0.5456134259259259 0.8358101851851852 0.04653356481481481 0.062106481481481526
128 0.3690393518518519 0.8269097222222221 0.04183449074074073 0.06026620370370352
136 0.3199363425925926 0.17527777777777778 0.04656250000000002 0.06601273148148143
18 0.3184780092592593 0.2666377314814815 0.04500000000000002 0.06592013888888885
180 0.027824074074074074 0.25332175925925926 0.04797453703703704 0.045792824074074014
125 0.22568287037037038 0.3432060185185185 0.013437500000000036 0.021880787037037042
59 0.4689699074074074 0.420150462962963 0.04337962962962969 0.05801504629629619
137 0.06969328703703703 0.4043055555555556 0.04417245370370371 0.05962384259259253
36 0.8201157407407408 0.4972337962962962 0.04338541666666664 0.058796296296296194
63 0.06984375000000001 0.48950810185185184 0.04340277777777777 0.061140046296296366
123 0.2252893518518518 0.5018460648148148 0.014212962962962905 0.021145833333333287
58 0.44464699074074077 0.5382928240740741 0.026828703703703737 0.037511574074074086
22 0.06769675925925926 0.5683217592592593 0.044178240740740726 0.060405092592592524
33 0.8191666666666666 0.6253587962962963 0.04262731481481481 0.061875000000000034
42 0.3542650462962963 0.6056250000000001 0.039293981481481485 0.03356481481481488
42 0.29019675925925925 0.6026099537037037 0.04086226851851853 0.03443865740740755
42 0.4183217592592593 0.6102025462962963 0.04164351851851844 0.034484953703703705
42 0.5901967592592593 0.6203877314814814 0.039276620370370455 0.031221064814814882
42 0.6534780092592593 0.6241377314814814 0.03850115740740741 0.03195601851851855
42 0.5261226851851852 0.6181539351851851 0.03771412037037045 0.031128472222222214