180 0.0171875 0.11796875 0.034375 0.02578125
59 0.49296875 0.19375 0.1 0.0875
55 0.26484375 0.33125 0.115625 0.0953125
55 0.72265625 0.33515625 0.11875 0.0921875
95 0.496875 0.0375 0.13359375 0.0703125
59 0.49296875 0.4890625 0.10234375 0.08828125
55 0.26640625 0.628125 0.11171875 0.09765625
55 0.72109375 0.63046875 0.10625 0.09453125
53 0.675703125 0.8697639484374999 0.7677864578125 0.8697639484374999 0.7677864578125 0.7862446359375 0.675703125 0.7862446359375 0.675703125 0.8697639484374999
137 0.4921875 0.828125 0.1078125 0.08828125
53 0.2178059890625 0.868567596875 0.3137044265625 0.868567596875 0.3137044265625 0.7916040765625 0.2178059890625 0.7916040765625 0.2178059890625 0.868567596875