180 0.01484375 0.01875 0.02734375 0.0375
87 0.11328125 0.1375 0.053125 0.0546875
125 0.06015625 0.23828125 0.02421875 0.04375
125 0.290625 0.23671875 0.02890625 0.04140625
125 0.571875 0.2359375 0.025 0.03984375
96 0.2609375 0.09140625 0.04296875 0.07109375
1 0.2609375 0.1890625 0.040625 0.06171875
64 0.06953125 0.2921875 0.028125 0.04375
74 0.24921875 0.334375 0.03046875 0.04140625
28 0.12578125 0.37109375 0.05859375 0.0703125
31 0.36171875 0.38203125 0.05390625 0.0765625
55 0.24296875 0.43046875 0.03515625 0.06875
180 0.5265625 0.01796875 0.028125 0.0359375
87 0.621875 0.1328125 0.0546875 0.06328125
96 0.771875 0.090625 0.04765625 0.07421875
1 0.7703125 0.18515625 0.04453125 0.0625
64 0.5796875 0.28984375 0.025 0.04375
28 0.63359375 0.3640625 0.0546875 0.07109375
31 0.8734375 0.375 0.05703125 0.084375
74 0.759375 0.3296875 0.03046875 0.04375
55 0.75390625 0.42578125 0.03515625 0.0703125
125 0.8015625 0.2328125 0.02421875 0.0421875
171 0.0265625 0.82265625 0.05234375 0.08359375
81 0.13203125 0.8203125 0.0640625 0.09296875
17 0.2484375 0.82265625 0.06875 0.10859375
14 0.5359375 0.8234375 0.075 0.1140625
14 0.8484375 0.82421875 0.071875 0.115625
45 0.69140625 0.82421875 0.07109375 0.1109375
45 0.39140625 0.82265625 0.06875 0.10546875