171 0.07109375 0.17578125 0.053125 0.059375
125 0.36171875 0.17890625 0.02109375 0.0375
125 0.44453125 0.1828125 0.0203125 0.034375
64 0.61484375 0.20703125 0.03046875 0.0375
52 0.5484375 0.22890625 0.021875 0.0296875
37 0.25 0.2375 0.053125 0.05390625
55 0.71484375 0.2515625 0.04296875 0.06171875
128 0.83515625 0.2515625 0.040625 0.0625
112 0.39453125 0.25390625 0.03828125 0.06171875
52 0.5875 0.2828125 0.021875 0.02421875
136 0.071875 0.3984375 0.0375 0.06171875
74 0.58359375 0.39921875 0.04765625 0.04765625
96 0.2890625 0.39921875 0.0375 0.05546875
3 0.24140625 0.4 0.03046875 0.0421875
32 0.1578125 0.40234375 0.04140625 0.06953125
28 0.9484375 0.41328125 0.0453125 0.0625
180 0.1703125 0.0421875 0.04375 0.04765625
125 0.440625 0.4828125 0.0203125 0.0296875
125 0.36015625 0.48359375 0.0234375 0.034375
52 0.5484375 0.496875 0.021875 0.02578125
55 0.71484375 0.515625 0.0421875 0.05859375
128 0.83984375 0.5203125 0.0375 0.0546875
112 0.3953125 0.54609375 0.04375 0.0609375
52 0.58828125 0.55390625 0.02109375 0.02265625
137 0.21171875 0.57578125 0.034375 0.04609375
137 0.58125 0.0734375 0.0390625 0.0546875
3 0.31953125 0.7421875 0.03046875 0.05703125
100 0.403125 0.7421875 0.0375 0.06015625
137 0.50859375 0.7453125 0.028125 0.05234375
34 0.815625 0.74765625 0.0421875 0.053125
63 0.5828125 0.75 0.03671875 0.05703125
33 0.69765625 0.75078125 0.04453125 0.05859375
36 0.62734375 0.83125 0.04375 0.07265625
102 0.403125 0.88125 0.03515625 0.04453125
171 0.890625 0.88359375 0.0515625 0.06171875
1 0.47890625 0.40234375 0.03125 0.046875
42 0.6125 0.56328125 0.025 0.028125
42 0.5734375 0.5046875 0.02421875 0.02421875