3 0.3591724537037037 0.21219907407407407 0.08043981481481488 0.1874826388888889
102 0.5319212962962963 0.20637152777777779 0.08574652777777772 0.18229745370370373
137 0.7077256944444444 0.19803819444444443 0.08501157407407404 0.18381944444444445
102 0.8955729166666666 0.3056655092592592 0.08342592592592588 0.18295717592592595
129 0.25927662037037036 0.4849768518518518 0.032621527777777715 0.07423611111111121
177 0.0728125 0.5032523148148148 0.05862268518518519 0.1356481481481481
6 0.20197337962962963 0.5051620370370371 0.08179398148148147 0.18053240740740736
63 0.9061747685185185 0.5578472222222223 0.08222800925925924 0.16885416666666658
102 0.5475694444444444 0.7344965277777777 0.08328703703703706 0.17826967592592596
53 0.7210532407407408 0.7270659722222221 0.08776620370370374 0.1714814814814815
3 0.37344328703703705 0.7466550925925926 0.08271412037037038 0.18526041666666657
180 0.1486400462962963 0.07836226851851852 0.04411458333333336 0.09355324074074074