109 0.0484375 0.1375 0.06171875 0.13046875
109 0.04921875 0.30234375 0.06640625 0.12890625
109 0.04921875 0.67109375 0.0578125 0.13984375
109 0.04765625 0.8375 0.05390625 0.12734375
50 0.146875 0.13515625 0.06875 0.1296875
50 0.146875 0.3015625 0.0671875 0.1234375
50 0.14609375 0.671875 0.0703125 0.1265625
50 0.146875 0.83671875 0.071875 0.12578125
174 0.25390625 0.13359375 0.075 0.1265625
174 0.2546875 0.30390625 0.0734375 0.12265625
174 0.2546875 0.66953125 0.0765625 0.12734375
174 0.25390625 0.83828125 0.06875 0.1234375
50 0.3546875 0.13046875 0.0671875 0.13515625
50 0.353125 0.671875 0.06875 0.1359375
50 0.35546875 0.840625 0.07109375 0.11875
50 0.35546875 0.30703125 0.0703125 0.11953125
55 0.47265625 0.21640625 0.071875 0.12734375
55 0.4703125 0.75234375 0.06953125 0.13125
148 0.565625 0.21328125 0.05625 0.13046875
148 0.565625 0.7546875 0.06484375 0.1171875
95 0.7625 0.4953125 0.06328125 0.11015625
180 0.85078125 0.3546875 0.05390625 0.10234375
180 0.85703125 0.52421875 0.06796875 0.109375
180 0.9390625 0.434375 0.0640625 0.11015625