102 0.932957175925926 0.25852430555555556 0.0775462962962962 0.1514930555555556
180 0.15578125 0.018194444444444444 0.055624999999999994 0.03638888888888889
137 0.8132407407407408 0.26696180555555554 0.07718171296296283 0.15848958333333335
102 0.569207175925926 0.29572916666666665 0.08301504629629637 0.15173611111111107
3 0.38652777777777775 0.31475694444444446 0.09571180555555552 0.1819097222222222
137 0.20784722222222224 0.3320486111111111 0.07975115740740737 0.14925347222222224
37 0.18329861111111112 0.7726041666666668 0.09571180555555556 0.1819097222222222
160 0.4730497685185185 0.7612847222222223 0.07773148148148153 0.1546180555555555
102 0.3119733796296296 0.77078125 0.07879050925925926 0.15934027777777776
102 0.784994212962963 0.7567708333333334 0.07800925925925917 0.1593055555555555
3 0.612980324074074 0.7667534722222221 0.09953125000000007 0.1937673611111112
137 0.9075115740740742 0.7536631944444444 0.07901620370370352 0.15