59 0.28759259259259257 0.10019097222222222 0.06382523148148148 0.07155092592592593
102 0.6913715277777778 0.15421875000000002 0.1 0.10618634259259259
55 0.27565393518518516 0.2658680555555556 0.09172453703703702 0.09050347222222221
55 0.4289525462962963 0.41704282407407406 0.08625578703703703 0.09046296296296301
55 0.20875578703703704 0.41476851851851854 0.0918171296296296 0.09362847222222222
55 0.0727488425925926 0.4181192129629629 0.08627893518518519 0.09124421296296284
65 0.6646585648148149 0.6339988425925925 0.07743055555555553 0.08258680555555564
53 0.2555266203703704 0.7869965277777778 0.10774305555555559 0.10390046296296304
137 0.058859953703703706 0.781423611111111 0.09333333333333334 0.09207754629629647
141 0.6851331018518518 0.3120428240740741 0.09105902777777786 0.09440393518518517
42 0.8877199074074074 0.4605092592592593 0.09222222222222207 0.0545775462962963
42 0.8879108796296297 0.5331481481481481 0.0961053240740739 0.05382523148148142
42 0.880931712962963 0.6105266203703703 0.1125810185185184 0.05629050925925938
42 0.900642361111111 0.6306886574074074 0.09541666666666657 0.056944444444444464
42 0.8932349537037038 0.7752430555555556 0.10927662037037038 0.0765740740740739
42 0.8867534722222222 0.8885474537037037 0.11952546296296304 0.07977430555555572
142 0.4223321759259259 0.3241435185185185 0.05093171296296291 0.05817708333333336
128 0.06930555555555555 0.6134143518518519 0.0821412037037037 0.08340277777777771
100 0.6558217592592592 0.8004340277777778 0.11892939814814821 0.08601851851851876
130 0.4653761574074074 0.6112615740740741 0.0790162037037037 0.08337962962962955