180 0.6171875 0.39453125 0.021875 0.06484375
180 0.2703125 0.04140625 0.02421875 0.07109375
180 0.5515625 0.0421875 0.021875 0.06640625
180 0.17890625 0.47890625 0.02265625 0.06171875
87 0.859375 0.5078125 0.04296875 0.1203125
137 0.73984375 0.5078125 0.04609375 0.1203125
28 0.80078125 0.50859375 0.04765625 0.12265625
179 0.91640625 0.509375 0.046875 0.12421875
137 0.36875 0.54375 0.04453125 0.11796875
87 0.50703125 0.5453125 0.04453125 0.12265625
22 0.43984375 0.54609375 0.046875 0.1296875
3 0.20625 0.5796875 0.02890625 0.07421875
3 0.25390625 0.6828125 0.028125 0.07734375
180 0.61953125 0.71640625 0.02265625 0.06796875
37 0.50703125 0.728125 0.05 0.125
28 0.4390625 0.7296875 0.04296875 0.12734375
179 0.3671875 0.7328125 0.046875 0.11640625
3 0.25390625 0.77421875 0.02890625 0.075
179 0.91640625 0.8265625 0.04453125 0.125
87 0.859375 0.82734375 0.04296875 0.1203125
137 0.73984375 0.82734375 0.04296875 0.1203125
28 0.80234375 0.83046875 0.04609375 0.12109375
87 0.42734375 0.1703125 0.04140625 0.109375
149 0.2984375 0.17109375 0.04296875 0.1234375
28 0.6390625 0.17109375 0.04375 0.1296875
136 0.3625 0.171875 0.04375 0.11875
87 0.69765625 0.17265625 0.040625 0.11953125
137 0.57734375 0.1734375 0.04296875 0.115625