61 0.13677662037037036 0.13977430555555553 0.06235532407407405 0.08310763888888886
61 0.27965856481481477 0.13576388888888888 0.06073495370370363 0.08147569444444444
61 0.4233796296296296 0.13015625 0.06145833333333321 0.07994791666666665
95 0.8491319444444443 0.1751909722222222 0.07445023148148167 0.07272569444444446
137 0.13217592592592592 0.24293402777777776 0.05179398148148149 0.07171874999999997
32 0.2774594907407407 0.23725694444444442 0.06160300925925925 0.0838541666666667
59 0.26576967592592593 0.38440972222222225 0.058246527777777765 0.07746527777777779
148 0.8895543981481481 0.4105034722222222 0.052690972222222146 0.09593749999999997
148 0.7605324074074075 0.41935763888888894 0.05095486111111107 0.09118055555555564
148 0.8253761574074074 0.4164756944444445 0.05095486111111107 0.09118055555555564
55 0.4385127314814815 0.5007465277777777 0.05769675925925917 0.08368055555555554
55 0.0877025462962963 0.5171180555555555 0.06232638888888888 0.08232638888888885
55 0.1744212962962963 0.513263888888889 0.06076388888888888 0.08225694444444435
55 0.3517650462962963 0.5053819444444445 0.06154513888888893 0.08229166666666679
148 0.755931712962963 0.5435763888888889 0.05697337962962958 0.08520833333333329
148 0.8847511574074073 0.5401909722222222 0.05885416666666643 0.09387152777777778
148 0.8198784722222221 0.5438541666666666 0.05552662037037024 0.08826388888888896
174 0.6748842592592592 0.6048958333333333 0.06319444444444447 0.08470486111111111
174 0.517795138888889 0.6134375000000001 0.05740740740740726 0.07586805555555572
137 0.26006944444444446 0.6857291666666667 0.05121527777777786 0.07715277777777771
55 0.12722800925925926 0.6924131944444445 0.06374421296296298 0.07848958333333336
55 0.39198495370370373 0.6829861111111111 0.06467013888888892 0.08243055555555542
171 0.5632233796296295 0.04226996527777778 0.06961805555555571 0.08453993055555556
128 0.3855613425925926 0.8143055555555556 0.05355902777777777 0.07725694444444428
128 0.12297453703703702 0.8283159722222223 0.048697916666666695 0.07236111111111114
128 0.8776041666666667 0.7963368055555555 0.05367476851851834 0.08038194444444428
128 0.8111689814814815 0.8000694444444445 0.05989583333333322 0.07987847222222229
128 0.7447048611111111 0.8045833333333332 0.054600694444444285 0.08432291666666672
50 0.591116898148148 0.8238888888888889 0.06854745370370381 0.10288194444444443
180 0.025694444444444443 0.3546180555555556 0.05138888888888889 0.05161458333333328