171 0.03515625 0.28359375 0.0703125 0.11953125
171 0.03671875 0.68671875 0.07265625 0.11484375
34 0.253125 0.28671875 0.07578125 0.11015625
34 0.25234375 0.68671875 0.07578125 0.10390625
36 0.38984375 0.10078125 0.07890625 0.10859375
33 0.3921875 0.28828125 0.07265625 0.109375
33 0.53359375 0.2859375 0.07578125 0.10859375
33 0.39453125 0.684375 0.0734375 0.1109375
33 0.54375 0.6828125 0.0734375 0.10703125
33 0.690625 0.68515625 0.07421875 0.1046875
36 0.48984375 0.88828125 0.078125 0.1125
88 0.94140625 0.3609375 0.06484375 0.06953125
88 0.94609375 0.89140625 0.07265625 0.07578125
34 0.86640625 0.684375 0.07421875 0.1109375
137 0.7875 0.22734375 0.05390625 0.08203125
88 0.85859375 0.22890625 0.05 0.0578125
102 0.78671875 0.0640625 0.05703125 0.0828125
31 0.85859375 0.06328125 0.05 0.08125
55 0.8578125 0.14609375 0.06015625 0.0734375
141 0.93359375 0.1453125 0.05 0.07109375
27 0.93359375 0.06328125 0.0515625 0.07265625
98 0.7875 0.146875 0.053125 0.071875