100 0.38093171296296297 0.26782407407407405 0.0776157407407407 0.14332175925925927
10 0.9582074652777777 0.2655208333333333 0.08358506944444458 0.13638310185185185
100 0.5630381944444445 0.38076388888888885 0.07685185185185191 0.14565393518518518
137 0.7591319444444444 0.3778587962962963 0.03964699074074076 0.07948495370370372
3 0.040630787037037035 0.5275810185185186 0.07443865740740742 0.13624421296296294
102 0.2586226851851852 0.5274768518518519 0.044357638888888926 0.08267939814814813
102 0.7972453703703704 0.5655960648148148 0.04516782407407405 0.08659722222222221
53 0.44421875 0.7950694444444444 0.08461805555555557 0.139519675925926
7 0.9401736111111111 0.8744502314814815 0.07917824074074069 0.14334490740740727
171 0.8300694444444445 0.8831134259259258 0.04759259259259281 0.09756944444444429
102 0.7457696759259259 0.894519675925926 0.057789351851851835 0.10318865740740754
100 0.5613657407407407 0.15498263888888889 0.07839120370370374 0.1425520833333333
137 0.756712962962963 0.15677662037037038 0.042748842592592595 0.07640625000000001