102 0.26484375 0.32647569444444446 0.0796875 0.1434606481481481
3 0.1546875 0.3223958333333333 0.08293402777777778 0.14904513888888893
55 0.8114409722222222 0.35923032407407407 0.07501736111111121 0.14406828703703703
55 0.4645138888888889 0.34872685185185187 0.07578125 0.14331597222222223
12 0.6457291666666667 0.3570023148148148 0.07338541666666672 0.1408854166666667
177 0.026536458333333336 0.33469328703703705 0.05307291666666667 0.13732638888888893
132 0.13680555555555557 0.03634259259259259 0.03888888888888888 0.06388888888888888
55 0.8091666666666667 0.49675925925925923 0.07234374999999993 0.1291377314814815
55 0.8054166666666667 0.6303240740740741 0.07404513888888893 0.1354456018518519
128 0.49291149531249995 0.667596284375 0.4221350234375 0.664974934375 0.41907095937500005 0.8028578171874999 0.48984743125 0.8054791671875 0.49291149531249995 0.667596284375
137 0.1805034722222222 0.7440104166666667 0.04831597222222221 0.10170717592592596
136 0.45501736111111113 0.1779224537037037 0.0421875 0.07181712962962963
171 0.021840277777777778 0.5385127314814815 0.043680555555555556 0.12152777777777786