37 0.69765625 0.9015625 0.11640625 0.13046875
28 0.88046875 0.1015625 0.0609375 0.0671875
178 0.49453125 0.128125 0.06484375 0.07578125
137 0.23671875 0.13671875 0.06484375 0.071875
102 0.95703125 0.23203125 0.0625 0.07109375
102 0.8796875 0.23203125 0.0625 0.06875
102 0.69921875 0.23359375 0.06015625 0.0703125
102 0.62734375 0.234375 0.06015625 0.07265625
102 0.2359375 0.290625 0.0640625 0.0703125
102 0.1484375 0.29140625 0.06328125 0.071875
102 0.321875 0.29453125 0.0625 0.071875
53 0.915625 0.46171875 0.115625 0.13046875
3 0.46171875 0.6 0.11171875 0.125
32 0.22421875 0.6 0.115625 0.128125
102 0.69921875 0.60234375 0.1140625 0.1265625
177 0.03515625 0.6078125 0.06875 0.08359375
53 0.91640625 0.728125 0.11484375 0.1296875