160 0.66875 0.23671875 0.04140625 0.08125
163 0.1078125 0.23671875 0.034375 0.0859375
180 0.33046875 0.0296875 0.0328125 0.0515625
102 0.53828125 0.31640625 0.03828125 0.0734375
3 0.41796875 0.31796875 0.03828125 0.07109375
102 0.5375 0.45546875 0.03515625 0.06953125
3 0.41953125 0.45625 0.03515625 0.071875
102 0.8 0.53359375 0.040625 0.07421875
164 0.91015625 0.53515625 0.0609375 0.1078125
137 0.67109375 0.53515625 0.04609375 0.078125
3 0.41953125 0.653125 0.0375 0.07109375
102 0.53671875 0.65625 0.04375 0.0734375
160 0.6703125 0.7359375 0.040625 0.08046875
102 0.53828125 0.8015625 0.03828125 0.07578125
3 0.4203125 0.8015625 0.03828125 0.06875
163 0.85390625 0.11484375 0.0421875 0.090625
3 0.4171875 0.15546875 0.0375 0.07421875
102 0.5359375 0.15625 0.040625 0.0765625