53 0.7692129629629629 0.21971064814814817 0.07755208333333315 0.12346064814814817
37 0.8871469907407408 0.2281712962962963 0.07358796296296291 0.11935185185185189
0 0.9863541666666666 0.23409722222222223 0.02349537037037024 0.11050925925925928
137 0.2898900462962963 0.22300347222222222 0.07434606481481483 0.11782986111111109
102 0.5749884259259259 0.24169560185185185 0.07510416666666657 0.11630787037037038
22 0.2861574074074074 0.4221817129629629 0.07594328703703698 0.12025462962962977
102 0.7691724537037038 0.06412037037037037 0.07023726851851855 0.05126157407407408
137 0.8902430555555554 0.07196180555555556 0.06951388888888914 0.05512731481481481
102 0.4361053240740741 0.5917997685185185 0.07605902777777765 0.12806712962962977
53 0.56734375 0.5993865740740741 0.07666666666666658 0.11638888888888879
3 0.2844849537037037 0.5878472222222222 0.06965856481481483 0.1175868055555556
137 0.29082754629629626 0.0541724537037037 0.07146990740740744 0.08177083333333332
137 0.27807291666666667 0.9151099537037037 0.072025462962963 0.11927083333333358
37 0.28119212962962964 0.757337962962963 0.07827546296296299 0.11959490740740755