32 0.05946180555555556 0.16715856481481484 0.07957175925925926 0.12899305555555554
90 0.4189525462962963 0.14366319444444445 0.05746527777777786 0.10008680555555557
33 0.7236979166666666 0.12265625 0.07806712962962976 0.1304398148148148
137 0.6011574074074074 0.13486689814814815 0.0731481481481481 0.1238425925925926
137 0.4250578703703704 0.456568287037037 0.0737268518518519 0.11843171296296298
3 0.06498842592592594 0.549045138888889 0.07233796296296298 0.12300347222222215
102 0.19019097222222223 0.5452546296296296 0.07494212962962958 0.1302083333333332
63 0.9535300925925927 0.5325810185185185 0.0787037037037038 0.12659143518518512
74 0.7650752314814815 0.6264467592592593 0.07491319444444429 0.1294270833333334
53 0.43634259259259256 0.6554976851851853 0.07337962962962977 0.13009259259259257
102 0.557494212962963 0.6480902777777777 0.07395833333333339 0.12468171296296297
28 0.96171875 0.7113715277777778 0.07413194444444429 0.12936921296296297
37 0.06935763888888889 0.7939236111111111 0.07777777777777779 0.12262731481481488
87 0.19991319444444444 0.7866030092592593 0.0699363425925926 0.12126736111111107
142 0.4455729166666666 0.8624131944444444 0.0737268518518519 0.11843171296296298
36 0.5379340277777778 0.05651041666666666 0.03833912037037042 0.06750578703703705
137 0.18417245370370372 0.15008680555555556 0.07890625 0.13206018518518517