177 0.41015625 0.03359375 0.0515625 0.0671875
109 0.44921875 0.04296875 0.0328125 0.04921875
171 0.49375 0.03515625 0.06640625 0.0703125
132 0.025 0.12421875 0.02421875 0.02421875
180 0.01171875 0.08828125 0.01953125 0.02890625
122 0.1015625 0.16640625 0.0578125 0.065625
27 0.19140625 0.165625 0.06640625 0.075
98 0.2828125 0.16796875 0.0609375 0.06796875
150 0.37421875 0.1671875 0.0625 0.0671875
136 0.4921875 0.1671875 0.0578125 0.0671875
22 0.6203125 0.16953125 0.065625 0.07421875
86 0.71015625 0.16484375 0.0609375 0.07265625
28 0.80703125 0.165625 0.065625 0.07578125
63 0.8984375 0.16484375 0.0640625 0.07265625
112 0.66328125 0.40078125 0.0640625 0.07109375
112 0.3328125 0.39609375 0.0640625 0.06875
74 0.14609375 0.40703125 0.0609375 0.065625
74 0.84609375 0.40234375 0.06328125 0.071875
55 0.25703125 0.40546875 0.0296875 0.0375
55 0.73828125 0.3984375 0.0328125 0.0421875
96 0.33046875 0.27890625 0.06484375 0.0765625
1 0.4640625 0.453125 0.06015625 0.06953125
1 0.5265625 0.45390625 0.0609375 0.07109375
176 0.49296875 0.325 0.06171875 0.07109375
64 0.8453125 0.59921875 0.0625 0.06875
64 0.15390625 0.5984375 0.06640625 0.07265625
74 0.79921875 0.73359375 0.0625 0.07265625
74 0.8875 0.73203125 0.06484375 0.07578125
55 0.66015625 0.73359375 0.0390625 0.03984375
166 0.49140625 0.58828125 0.06640625 0.07421875
74 0.11015625 0.73671875 0.0625 0.0671875
74 0.19921875 0.73515625 0.06171875 0.07265625
55 0.33359375 0.734375 0.03359375 0.04140625
137 0.49296875 0.69375 0.06171875 0.06875
47 0.4265625 0.73203125 0.06171875 0.07578125
10 0.4921875 0.8046875 0.06484375 0.07265625
56 0.4921875 0.90078125 0.06484375 0.075
123 0.62734375 0.5578125 0.0265625 0.0328125
123 0.06953125 0.56640625 0.02890625 0.03359375