123 0.4963541666666667 0.1222800925925926 0.03171296296296298 0.06365740740740744
123 0.7666956018518518 0.11617476851851852 0.032482638888888894 0.062123842592592605
123 0.2342824074074074 0.1898148148148148 0.034050925925925936 0.06296296296296297
11 0.8390798611111112 0.18226273148148148 0.06251736111111086 0.11009837962962962
74 0.5711168981481481 0.19296875 0.06092592592592592 0.10613425925925926
136 0.1422511574074074 0.31982060185185185 0.04585648148148147 0.07511574074074075
59 0.3087094907407407 0.3206886574074074 0.06482638888888888 0.10549768518518521
175 0.022008101851851848 0.3336516203703704 0.03978009259259259 0.09832175925925926
123 0.7691087962962962 0.3364583333333333 0.03640624999999993 0.0646122685185185
123 0.4980266203703704 0.3480613425925926 0.030920138888888893 0.06206597222222223
74 0.5734490740740741 0.4023148148148148 0.061712962962963046 0.10694444444444447
11 0.8429861111111112 0.39311342592592596 0.061689814814814524 0.10381944444444446
180 0.1376388888888889 0.016435185185185185 0.046365740740740735 0.03287037037037037
28 0.9532928240740741 0.005497685185185184 0.053460648148148236 0.010995370370370367
44 0.023657407407407408 0.5563078703703704 0.039745370370370375 0.09363425925925917
123 0.2402662037037037 0.6811342592592593 0.03875578703703706 0.06548032407407404
42 0.3531944444444445 0.7347800925925926 0.058368055555555555 0.07714120370370381
55 0.5731828703703703 0.7883680555555556 0.06177083333333329 0.11475694444444465
42 0.3556539351851852 0.8558159722222222 0.06148726851851851 0.07647569444444428
87 0.14554398148148148 0.9753472222222221 0.04872685185185181 0.04085648148148167