55 0.08690972222222222 0.3514699074074074 0.0301736111111111 0.034351851851851835
55 0.08980902777777777 0.20846064814814813 0.03252893518518518 0.03525462962962962
55 0.1367071759259259 0.2044675925925926 0.03487268518518523 0.035376157407407405
55 0.28747685185185184 0.19743055555555555 0.03722800925925931 0.03627893518518519
55 0.33825810185185184 0.1947974537037037 0.035642361111111145 0.034635416666666696
96 0.23085648148148147 0.11995949074074072 0.03483796296296297 0.033032407407407406
137 0.16052662037037038 0.07208333333333333 0.030138888888888892 0.03200810185185186
112 0.08991898148148149 0.25373263888888886 0.03407986111111112 0.03455439814814811
112 0.28756365740740736 0.2442650462962963 0.03332175925925931 0.03607638888888891
128 0.08382523148148148 0.4015914351851852 0.03328703703703704 0.03373263888888882
128 0.28306712962962965 0.3896990740740741 0.028715277777777715 0.041302083333333336
55 0.28770254629629627 0.3402777777777778 0.034091435185185225 0.0353356481481482
1 0.23006365740740745 0.22616898148148148 0.030104166666666644 0.029664351851851834
1 0.2262326388888889 0.2739872685185185 0.03172453703703706 0.033651620370370415
125 0.05979166666666667 0.17957175925925925 0.02545138888888889 0.031765046296296305
125 0.25589699074074074 0.16862268518518517 0.022337962962962976 0.03238425925925927
123 0.058466435185185184 0.32171874999999994 0.02695601851851852 0.027939814814814844
123 0.2545601851851852 0.3115509259259259 0.025358796296296227 0.02551504629629626
132 0.00703125 0.00703125 0.0140625 0.0140625
136 0.2325115740740741 0.013129340277777776 0.03254050925925931 0.026258680555555552
132 0.002980324074074074 0.5574479166666666 0.005960648148148148 0.022604166666666713
125 0.05386574074074074 0.6849594907407408 0.024589120370370376 0.02625578703703706
96 0.2241724537037037 0.6238252314814815 0.02776041666666664 0.029542824074074048
174 0.2233275462962963 0.6808564814814815 0.027013888888888893 0.03184606481481467
1 0.22185185185185183 0.7277719907407407 0.02856481481481481 0.031145833333333428
12 0.11826967592592594 0.7112847222222222 0.0238078703703704 0.026215277777777858
12 0.31514467592592593 0.7010763888888889 0.02611689814814815 0.023993055555555642
125 0.24995949074074075 0.6747916666666667 0.022199074074074066 0.023009259259259274
123 0.051655092592592586 0.8341782407407408 0.02142939814814815 0.02375000000000007
123 0.24776041666666665 0.8232291666666665 0.022222222222222233 0.024571759259259095
128 0.27621527777777777 0.852199074074074 0.027013888888888893 0.03184606481481467
128 0.13794560185185184 0.858587962962963 0.026232638888888892 0.03180555555555529
128 0.08091435185185185 0.861545138888889 0.0262673611111111 0.03414930555555564
69 0.41924768518518524 0.7877951388888889 0.028576388888888894 0.031927083333333425
132 0.524525462962963 0.5317476851851852 0.02064814814814824 0.02370949074074069
3 0.5627662037037038 0.5851909722222223 0.030173611111111144 0.034351851851851835
3 0.6205671296296297 0.5829745370370369 0.030115740740740728 0.030445601851851835
3 0.5619444444444445 0.6406597222222222 0.029334490740740727 0.030405092592592452
3 0.6189641203703704 0.6384837962962963 0.02931134259259256 0.02884259259259263
3 0.5611111111111111 0.6969097222222222 0.026197916666666644 0.029461805555555644
102 0.6908796296296297 0.5793287037037037 0.030127314814814808 0.031226851851851832
102 0.7369618055555556 0.5777199074074074 0.030920138888888893 0.032048611111111215
102 0.7822743055555555 0.5753703703703703 0.028576388888888894 0.031927083333333425
102 0.6884837962962963 0.6356597222222222 0.03172453703703706 0.03365162037037024
102 0.7353587962962963 0.6332291666666666 0.03247106481481481 0.03134837962962962
102 0.7806828703703703 0.6300983796296297 0.03329861111111114 0.034513888888889
102 0.6884548611111111 0.690306712962963 0.029369212962962975 0.03274884259259263
102 0.733755787037037 0.6887384259259259 0.032494212962962975 0.032910879629629616
102 0.7814120370370371 0.6862673611111111 0.030138888888888892 0.032008101851851836
160 0.8494849537037037 0.570324074074074 0.03095486111111114 0.034392361111111214
160 0.8994733796296295 0.5685127314814815 0.028599537037037236 0.03348958333333343
160 0.9502662037037037 0.5650983796296296 0.03095486111111114 0.034392361111111214
160 0.8478703703703705 0.6266145833333333 0.028611111111111143 0.03427083333333343
160 0.8978819444444444 0.6232407407407408 0.032505787037037236 0.03369212962962962
160 0.9486516203703704 0.6213888888888889 0.029357638888888715 0.03196759259259245
136 0.5586168981481482 0.8125752314814815 0.03322916666666664 0.029826388888889
137 0.7074594907407408 0.7775347222222222 0.024670138888888894 0.03172453703703706
137 0.7065104166666666 0.8415972222222223 0.030185185185185048 0.03513310185185183
137 0.8055034722222223 0.7989930555555557 0.027795138888888717 0.031886574074074046
137 0.8617650462962964 0.7952951388888889 0.027806712962962978 0.03266782407407405
137 0.9172106481481481 0.7939814814814815 0.029322916666666643 0.02962384259259245
137 0.9155034722222222 0.8565219907407406 0.02778356481481481 0.03110532407407405
137 0.8608159722222222 0.8593576388888888 0.025497685185185047 0.03489004629629662
137 0.8037731481481482 0.8630960648148148 0.030162037037037237 0.03357060185185183
32 0.6336284722222223 0.8079050925925927 0.03095486111111114 0.03439236111111086
32 0.6312152777777778 0.9181018518518519 0.027806712962962978 0.03266782407407405
137 0.7054108796296296 0.9158159722222223 0.030092592592592737 0.028883101851851833
137 0.8028472222222222 0.9255960648148148 0.028587962962962975 0.03270833333333343
137 0.860648148148148 0.9233796296296296 0.027795138888888717 0.031886574074074046
32 0.23237847222222224 0.06991898148148148 0.02776041666666664 0.02954282407407407
44 0.8347395833333333 0.0005975115740740721 0.029369212962962975 0.0011950231481481443
174 0.8331828703703703 0.03720486111111111 0.027795138888888717 0.03188657407407407
96 0.7589699074074074 0.09335648148148148 0.03171296296296298 0.03287037037037037
173 0.8316377314814816 0.08880787037037036 0.03095486111111114 0.0343923611111111
125 0.5871238425925925 0.15300925925925926 0.020659722222222142 0.024490740740740737
125 0.7832060185185185 0.14362268518518517 0.021440972222222143 0.024531249999999984
174 0.7554340277777778 0.17394675925925926 0.02778356481481481 0.03110532407407405
112 0.6202893518518519 0.1801736111111111 0.030931712962962977 0.03282986111111112
123 0.7818287037037036 0.23659143518518516 0.020636574074073977 0.02292824074074069
123 0.5865277777777778 0.2459375 0.02140625000000007 0.02218749999999998
130 0.8032060185185184 0.2690509259259259 0.030092592592592383 0.028883101851851833
55 0.6175868055555556 0.30990162037037033 0.029369212962962975 0.03274884259259263
55 0.6715046296296296 0.30632523148148144 0.027795138888888894 0.031886574074074046
55 0.6176967592592593 0.3551736111111111 0.03170138888888889 0.032089120370370414
55 0.6700405092592592 0.35245949074074073 0.02934606481481481 0.03118634259259263
12 0.6564467592592592 0.26885416666666667 0.01824652777777782 0.019681712962962995
55 0.28016782407407403 0.7434837962962962 0.03090856481481481 0.03126736111111121
55 0.34187500000000004 0.7410648148148148 0.030920138888888893 0.032048611111111035
55 0.0840162037037037 0.7575578703703704 0.02935763888888889 0.03196759259259263
55 0.1418287037037037 0.7545601851851852 0.032494212962962975 0.032910879629629616