166 0.20234375 0.1890625 0.06953125 0.12734375
28 0.884375 0.190625 0.07265625 0.13203125
74 0.54921875 0.1921875 0.07421875 0.13359375
104 0.75078125 0.19609375 0.075 0.13359375
137 0.3875 0.196875 0.078125 0.1359375
141 0.884375 0.3953125 0.0703125 0.13203125
74 0.48828125 0.41953125 0.07421875 0.125
74 0.27890625 0.48671875 0.06796875 0.11875
102 0.89296875 0.60078125 0.07734375 0.1296875
74 0.44921875 0.62734375 0.07265625 0.13125
104 0.23203125 0.63125 0.0734375 0.13125
64 0.75390625 0.8328125 0.071875 0.13359375
3 0.4609375 0.83359375 0.07890625 0.13125
59 0.60625 0.83359375 0.07890625 0.13984375
74 0.23671875 0.83671875 0.07421875 0.12890625
128 0.8984375 0.84140625 0.075 0.13359375
177 0.0625 0.6703125 0.0484375 0.08984375
180 0.15625 0.06953125 0.0328125 0.059375