109 0.07620949074074074 0.269849537037037 0.0350462962962963 0.0911342592592593
95 0.0766087962962963 0.42921296296296296 0.06778356481481482 0.08146412037037046
109 0.07942129629629628 0.5979861111111111 0.04989583333333334 0.09213541666666672
136 0.23132523148148146 0.43541087962962965 0.0513831018518518 0.08200231481481488
180 0.3122106481481482 0.2819386574074074 0.06311342592592588 0.08373842592592595
137 0.36940972222222224 0.6218113425925926 0.04515046296296301 0.08425347222222221
59 0.5964814814814815 0.27208912037037036 0.04587962962962955 0.0772337962962963
12 0.5974479166666666 0.4025578703703704 0.04031828703703706 0.06465277777777771
12 0.6880729166666667 0.40390046296296295 0.037991898148148094 0.06696180555555564
59 0.6453472222222223 0.5415335648148148 0.045092592592592594 0.07644097222222221
12 0.6245428240740741 0.6857407407407408 0.03168402777777786 0.05905671296296298
12 0.6651851851851852 0.6886863425925925 0.035642361111111145 0.06614583333333321
54 0.6267418981481482 0.771701388888889 0.03009837962962969 0.05590856481481481
54 0.6666087962962963 0.7754166666666666 0.030885416666666644 0.05670138888888907
28 0.8351331018518519 0.5365335648148148 0.049832175925925884 0.08354166666666671
27 0.8339236111111111 0.6896238425925926 0.059126157407407474 0.07274305555555553
169 0.8359201388888889 0.8536979166666667 0.06096064814814817 0.10948495370370352
128 0.6001273148148148 0.8697337962962962 0.04267361111111114 0.06625000000000014
128 0.6938657407407407 0.8695601851851851 0.04269675925925931 0.06937500000000014