1 0.70703125 0.78515625 0.040625 0.078125
136 0.815625 0.78671875 0.0546875 0.1046875
180 0.515625 0.13203125 0.03671875 0.06484375
58 0.040625 0.1328125 0.0375 0.06953125
123 0.06015625 0.25390625 0.0265625 0.0453125
125 0.665625 0.2546875 0.0234375 0.04765625
111 0.603125 0.2734375 0.0640625 0.065625
11 0.53984375 0.32265625 0.053125 0.09296875
121 0.603125 0.3515625 0.046875 0.078125
55 0.13828125 0.38515625 0.04296875 0.08359375
12 0.1390625 0.478125 0.03671875 0.06015625
56 0.6078125 0.4953125 0.04921875 0.0859375
98 0.5359375 0.496875 0.04921875 0.090625
112 0.71015625 0.546875 0.040625 0.075
55 0.1390625 0.57265625 0.04765625 0.0796875
128 0.51215223125 0.69626 0.561278590625 0.69626 0.561278590625 0.60778 0.51215223125 0.60778 0.51215223125 0.69626
95 0.92578125 0.659375 0.0609375 0.11171875