102 0.91640625 0.31015625 0.06640625 0.14296875
180 0.15234375 0.03203125 0.0515625 0.0640625
137 0.8015625 0.3140625 0.065625 0.14921875
102 0.5671875 0.33125 0.071875 0.1421875
3 0.3921875 0.3421875 0.08203125 0.17109375
137 0.22109375 0.35078125 0.06796875 0.140625
37 0.221875 0.77421875 0.08203125 0.17109375
160 0.5015625 0.77578125 0.06640625 0.14609375
102 0.346875 0.778125 0.0671875 0.15
102 0.80234375 0.78515625 0.06640625 0.15
3 0.63671875 0.7875 0.084375 0.18203125
137 0.9203125 0.7875 0.0671875 0.14140625