52 0.7887673611111111 0.2825115740740741 0.04263888888888871 0.057922453703703705
63 0.7846701388888888 0.43177662037037035 0.039114583333333286 0.07487847222222221
55 0.8885416666666666 0.4271817129629629 0.03989583333333328 0.07492476851851855
171 0.016523437499999998 0.504079861111111 0.033046874999999996 0.08517361111111121
102 0.20197916666666665 0.4959548611111111 0.035208333333333286 0.07464699074074073
3 0.11364583333333333 0.5035300925925925 0.03748263888888888 0.07166087962962955
137 0.40758680555555554 0.61796875 0.03531250000000004 0.07933449074074073
17 0.3439409722222222 0.04125578703703704 0.04067708333333329 0.07497106481481482
171 0.020451388888888887 0.0627662037037037 0.03998263888888889 0.07883101851851852
53 0.7273958333333332 0.7971932870370371 0.03760416666666657 0.07712962962962955
137 0.8719270833333332 0.7886284722222222 0.03682291666666657 0.07708333333333339
137 0.8000347222222223 0.7936689814814815 0.036128472222222284 0.08094328703703706
36 0.2306076388888889 0.0503125 0.035954861111111035 0.07313078703703704
1 0.6919097222222221 0.6034606481481481 0.036857638888889 0.07864583333333339
37 0.11654513888888889 0.33795138888888887 0.04081597222222224 0.0812210648148148