171 0.041249999999999995 0.18387152777777777 0.060416666666666674 0.06500000000000003
125 0.3453125 0.17270833333333332 0.024479166666666698 0.040034722222222194
125 0.433125 0.17350694444444445 0.023489583333333286 0.03687500000000003
64 0.6129166666666667 0.1905902777777778 0.03468750000000007 0.04126736111111109
52 0.5449479166666666 0.21711805555555558 0.025520833333333215 0.03229166666666661
37 0.23229166666666665 0.24041666666666667 0.05927083333333334 0.05949652777777779
55 0.7215104166666666 0.2327777777777778 0.04885416666666664 0.06682291666666665
128 0.8472916666666667 0.22718750000000001 0.04656249999999993 0.06749999999999998
112 0.385 0.2508680555555555 0.04416666666666673 0.06661458333333332
52 0.5893229166666666 0.27156250000000004 0.02515624999999986 0.026822916666666606
136 0.057604166666666665 0.4174305555555556 0.04416666666666667 0.06661458333333332
74 0.5935416666666666 0.3936111111111111 0.05333333333333332 0.05222222222222221
96 0.2849479166666667 0.40732638888888884 0.042916666666666714 0.05954861111111107
3 0.23500000000000001 0.4103298611111111 0.034947916666666676 0.045173611111111
32 0.14765625 0.41656250000000006 0.04859374999999999 0.0746006944444444
28 0.9758984375 0.3922222222222222 0.04820312499999986 0.0669270833333333
180 0.135 0.038663194444444444 0.04942708333333332 0.05204861111111111
125 0.449375 0.4877777777777778 0.023177083333333216 0.032187499999999855
125 0.36583333333333334 0.4922743055555555 0.026614583333333285 0.03701388888888886
52 0.5636979166666667 0.4983680555555555 0.024479166666666784 0.02835069444444436
55 0.73921875 0.51015625 0.047812499999999855 0.0628819444444444
128 0.87078125 0.5090104166666667 0.04369791666666671 0.05958333333333332
112 0.4061979166666666 0.5570833333333333 0.05036458333333336 0.06611111111111115
52 0.6098437499999999 0.5558680555555556 0.023489583333333286 0.025190972222222285
137 0.21609375000000003 0.596875 0.03916666666666666 0.05003472222222225
137 0.5684375 0.052309027777777774 0.044479166666666715 0.05961805555555557
3 0.3409895833333333 0.7660590277777778 0.03604166666666666 0.061579861111111175
100 0.42854166666666665 0.7629513888888889 0.04328125000000007 0.06501736111111107
137 0.5388541666666666 0.7603993055555556 0.03338541666666668 0.056788194444444426
34 0.8609375 0.74921875 0.04822916666666686 0.05744791666666664
63 0.6173437500000001 0.7623958333333334 0.043020833333333286 0.061111111111111074
33 0.7384895833333334 0.7577951388888888 0.050989583333333324 0.0638020833333334
36 0.6698958333333334 0.84546875 0.05119791666666664 0.07861111111111115
102 0.4382291666666667 0.9082638888888889 0.03984375 0.0485069444444445
171 0.9493750000000001 0.8886805555555555 0.05901041666666664 0.06727430555555572
1 0.4844270833333333 0.4023784722222222 0.036093749999999855 0.05067708333333343
42 0.6363020833333334 0.5648784722222222 0.028541666666666642 0.03086805555555543
42 0.5900520833333334 0.5058159722222222 0.02666666666666657 0.026111111111111106