137 0.792505787037037 0.16935763888888888 0.0857060185185187 0.16545138888888894
102 0.873755787037037 0.16634837962962962 0.04748263888888893 0.08133680555555553
144 0.6238136574074075 0.17717013888888888 0.08851273148148149 0.15697337962962968
53 0.9538773148148149 0.16649305555555555 0.09224537037037024 0.1774305555555556
102 0.3903356481481482 0.29456018518518523 0.084375 0.1716435185185185
102 0.6377314814814815 0.40509259259259256 0.0387731481481481 0.07789351851851851
137 0.19788773148148148 0.442505787037037 0.07743055555555553 0.1737268518518519
102 0.269068287037037 0.4422164351851851 0.04369212962962958 0.08431712962962976
53 0.9606987847222221 0.5651331018518518 0.07860243055555571 0.1739872685185185
137 0.6436342592592593 0.5855902777777778 0.08715277777777786 0.16238425925925917
102 0.8061342592592592 0.5795717592592593 0.07497106481481489 0.19157986111111108
102 0.39861111111111114 0.602488425925926 0.09059606481481479 0.17109375
180 0.13923611111111112 0.10515046296296297 0.04473379629629628 0.09137731481481479
53 0.06302083333333333 0.4764467592592593 0.0974537037037037 0.1877314814814815