141 0.4614293981481481 0.19071180555555556 0.07537615740740726 0.07451388888888891
171 0.08828125 0.25167824074074074 0.07795138888888889 0.08079861111111111
137 0.8553530092592592 0.26451967592592596 0.07951388888888858 0.10190393518518519
102 0.7308738425925926 0.2733912037037037 0.08139467592592595 0.08943865740740745
28 0.4532118055555555 0.28609375 0.07326388888888893 0.10181134259259261
171 0.0857349537037037 0.3836747685185185 0.07786458333333335 0.07845486111111111
139 0.43451967592592594 0.4323842592592593 0.04962384259259274 0.05383101851851855
137 0.6820601851851852 0.4529224537037037 0.1385127314814815 0.17695601851851847
3 0.3257523148148148 0.4597627314814815 0.08706597222222215 0.09498842592592602
139 0.17100694444444445 0.46361689814814816 0.08385416666666665 0.09259837962962969
102 0.4606770833333333 0.4640104166666667 0.08234953703703703 0.09413773148148152
65 0.6753472222222221 0.7185011574074075 0.10370370370370381 0.12256365740740734
142 0.31516203703703705 0.7246180555555556 0.0799479166666666 0.0925405092592591
53 0.842476851851852 0.7175868055555557 0.09962384259259238 0.11781828703703709
102 0.4495081018518519 0.7234085648148147 0.07928240740740726 0.0956539351851852
180 0.3480034722222222 0.06980324074074074 0.09059606481481489 0.0848900462962963
95 0.08330439814814815 0.09090277777777778 0.07971643518518519 0.1073726851851852
98 0.44696180555555554 0.07536458333333333 0.07910879629629619 0.09096643518518518
98 0.15902777777777777 0.09134259259259259 0.07132523148148148 0.09163194444444445