55 0.16397569444444443 0.15125578703703704 0.03828125 0.0635474537037037
2 0.16064814814814815 0.24109953703703707 0.0416666666666667 0.0706018518518519
12 0.1564814814814815 0.3325 0.04152199074074074 0.0666956018518519
180 0.312962962962963 0.5173032407407407 0.029456018518518513 0.057233796296296366
98 0.708767361111111 0.5913483796296296 0.04508101851851851 0.07843750000000008
102 0.7059895833333334 0.6874479166666667 0.044039351851851906 0.07140046296296312
102 0.7017650462962963 0.7804108796296296 0.04079861111111107 0.06825231481481495
102 0.6983217592592592 0.8733796296296296 0.04221643518518512 0.06435763888888886
180 0.6943287037037037 0.13721064814814815 0.03266782407407405 0.05960069444444445
180 0.43961226851851853 0.13610532407407408 0.031770833333333394 0.056469907407407406
180 0.23408564814814814 0.13614583333333333 0.034924768518518515 0.05727430555555557
55 0.14551504629629627 0.607494212962963 0.044068287037037024 0.07218171296296294
95 0.3009548611111111 0.20853587962962963 0.041464120370370415 0.06513310185185181
95 0.5064814814814815 0.2084953703703704 0.03677662037037042 0.06509837962962965
95 0.7603877314814815 0.2103761574074074 0.03819444444444446 0.06120370370370374