32 0.05277199074074074 0.13625578703703703 0.07764467592592592 0.128587962962963
33 0.7324826388888889 0.16299189814814813 0.07034722222222226 0.11035879629629627
137 0.6083449074074074 0.1638599537037037 0.07206018518518516 0.12057291666666665
137 0.42009837962962965 0.475462962962963 0.07221064814814807 0.13072916666666662
3 0.04995370370370371 0.52578125 0.08067708333333333 0.12245370370370363
102 0.1805497685185185 0.5392071759259259 0.08631944444444443 0.134375
63 0.9600347222222222 0.6071180555555555 0.0737268518518519 0.12766203703703702
74 0.7652488425925925 0.688136574074074 0.07518518518518533 0.12068865740740727
53 0.426244212962963 0.6794849537037038 0.0720949074074074 0.1229166666666666
102 0.5520486111111111 0.6857060185185185 0.07071759259259273 0.13535879629629619
28 0.9645601851851853 0.8002025462962964 0.07087962962962954 0.13234953703703703
37 0.048993055555555554 0.777170138888889 0.0652488425925926 0.13515625
87 0.18108217592592593 0.7859664351851852 0.0783449074074074 0.12314814814814827
142 0.43250578703703707 0.8913194444444444 0.06877314814814817 0.10951967592592596
137 0.18002314814814815 0.13472222222222222 0.07538194444444449 0.13396990740740738
36 0.5477083333333332 0.07650462962962963 0.036805555555555716 0.05992476851851851
90 0.420775462962963 0.15222800925925925 0.051261574074074015 0.08700810185185186