180 0.11796875 0.10625 0.06640625 0.0875
95 0.4390625 0.09765625 0.06484375 0.10234375
112 0.72734375 0.3703125 0.0546875 0.090625
95 0.909375 0.30703125 0.0640625 0.078125
177 0.9125 0.46875 0.06953125 0.1
112 0.16953125 0.371875 0.065625 0.1015625
59 0.4390625 0.30625 0.0703125 0.1015625
55 0.63125 0.64453125 0.06328125 0.08984375
55 0.2453125 0.65 0.0625 0.084375
125 0.1265625 0.2765625 0.03828125 0.06640625
125 0.12578125 0.53203125 0.03671875 0.06015625
125 0.48515625 0.2671875 0.03515625 0.06328125
125 0.48515625 0.52734375 0.0296875 0.05546875