55 0.84453125 0.296875 0.04921875 0.09375
132 0.3828125 0.03125 0.0375 0.0625
95 0.21953125 0.31484375 0.0875 0.125
3 0.45546875 0.3375 0.071875 0.13828125
125 0.69765625 0.42109375 0.03359375 0.05859375
1 0.84609375 0.44765625 0.0453125 0.09375
55 0.84921875 0.5921875 0.04609375 0.09609375
180 0.45390625 0.63203125 0.0640625 0.0890625
95 0.63203125 0.87421875 0.09375 0.121875
102 0.56796875 0.09609375 0.07265625 0.13828125
109 0.04609375 0.1171875 0.040625 0.1171875
123 0.696875 0.121875 0.0328125 0.0625
102 0.84140625 0.1546875 0.04609375 0.0921875