180 0.0115234375 0.011197916666666667 0.023046875 0.02237847222222222
87 0.10659722222222223 0.12743055555555555 0.055937500000000015 0.05746527777777777
125 0.050416666666666665 0.2285763888888889 0.025989583333333344 0.045086805555555554
125 0.2855902777777778 0.23302083333333332 0.03064236111111107 0.043628472222222214
125 0.5731076388888889 0.23862847222222222 0.026684027777777786 0.04119791666666668
96 0.25842013888888893 0.08390624999999999 0.045364583333333285 0.07362847222222221
1 0.25699652777777776 0.1831423611111111 0.04281249999999996 0.0642013888888889
64 0.05854166666666667 0.2850347222222222 0.029895833333333323 0.04517361111111109
74 0.24119791666666668 0.33130208333333333 0.032187500000000036 0.042881944444444466
28 0.11458333333333334 0.3660069444444444 0.06175347222222225 0.07321180555555555
31 0.3557291666666667 0.38309027777777777 0.05642361111111107 0.07934027777777777
55 0.23276041666666666 0.4296006944444445 0.0375 0.07111111111111104
180 0.5310243055555556 0.021961805555555557 0.02935763888888889 0.02095486111111111
87 0.6270138888888889 0.13430555555555554 0.05769097222222221 0.06609375000000002
96 0.7811111111111112 0.09395833333333334 0.050121527777777786 0.07685763888888889
1 0.7773958333333334 0.19079861111111113 0.04751736111111118 0.06508680555555557
64 0.5796875 0.29427083333333337 0.02677083333333332 0.04510416666666668
28 0.6334722222222222 0.37128472222222225 0.05786458333333329 0.07390625000000002
31 0.8777604166666666 0.38765625000000004 0.05973958333333336 0.08800347222222218
74 0.7631770833333333 0.3382118055555556 0.03223958333333332 0.045225694444444464
55 0.7547395833333332 0.4365104166666667 0.037517361111111217 0.07189236111111122
125 0.8083506944444444 0.23994791666666665 0.02517361111111107 0.04350694444444443
171 0.014752604166666666 0.8247395833333332 0.02950520833333333 0.08619791666666643
81 0.110625 0.8255208333333333 0.06774305555555556 0.09677083333333343
17 0.23010416666666664 0.8305208333333333 0.07277777777777779 0.1125
14 0.5230555555555556 0.8378125000000001 0.07916666666666679 0.118888888888889
14 0.8425694444444446 0.8456944444444444 0.076059027777778 0.1196006944444445
45 0.6824131944444444 0.8421354166666667 0.07517361111111107 0.11489583333333328
45 0.3754166666666667 0.83375 0.07270833333333337 0.109375