55 0.14760416666666668 0.10527777777777778 0.03732638888888888 0.06303240740740738
2 0.14956597222222223 0.19355902777777775 0.039826388888888876 0.07009837962962964
12 0.15079861111111112 0.2841724537037037 0.03973958333333334 0.06619212962962964
180 0.3157638888888889 0.467806712962963 0.028593749999999928 0.056655092592592736
98 0.7110937500000001 0.5447337962962963 0.04312499999999986 0.07795717592592588
102 0.7139756944444444 0.6392766203703704 0.04296875 0.07092592592592588
102 0.7152256944444444 0.7306712962962963 0.0389930555555555 0.06774305555555564
102 0.7172743055555555 0.8228587962962962 0.04046874999999996 0.06385995370370381
180 0.6698784722222222 0.09583333333333333 0.031770833333333394 0.05904513888888889
180 0.4183159722222222 0.09210648148148148 0.030138888888888892 0.055896990740740726
180 0.21524305555555556 0.09144097222222222 0.034062500000000016 0.0567361111111111
55 0.15605902777777775 0.5560358796296296 0.04298611111111113 0.07170717592592588
95 0.28555555555555556 0.16277199074074072 0.04048611111111109 0.06464120370370371
95 0.48864583333333333 0.16421875 0.035017361111111 0.06456018518518518
95 0.7402083333333334 0.16794560185185184 0.03649305555555564 0.060677083333333305