137 0.523431712962963 0.12791666666666668 0.0955439814814815 0.14092013888888885
110 0.7039930555555556 0.1484375 0.0813194444444445 0.11842013888888889
55 0.449837962962963 0.41986111111111113 0.0473032407407409 0.05989583333333339
110 0.8977372685185184 0.4725694444444445 0.04662615740740748 0.07392361111111115
137 0.975697337962963 0.4807291666666666 0.04860532407407412 0.07871527777777772
130 0.6564062500000001 0.4719965277777778 0.07093750000000014 0.0875
55 0.44808449074074075 0.49944444444444447 0.04963541666666664 0.05843749999999996
180 0.14789351851851854 0.038593749999999996 0.12390625000000002 0.06876736111111112
110 0.90015625 0.5882638888888889 0.0465856481481481 0.06845486111111114
137 0.9771238425925926 0.5995833333333334 0.04575231481481481 0.07328124999999996
55 0.44873263888888887 0.5869444444444445 0.04961226851851848 0.055312499999999966
130 0.658130787037037 0.599375 0.07401041666666668 0.080607638888889
102 0.44573495370370375 0.7094270833333333 0.05123842592592602 0.06397569444444429
110 0.9008101851851851 0.7819791666666667 0.045063657407407476 0.07385416666666664
137 0.9770211226851853 0.7878298611111111 0.04595775462962948 0.08350694444444429
130 0.6602951388888889 0.7861284722222223 0.07090856481481485 0.08359375
102 0.442505787037037 0.8006597222222223 0.044884259259259277 0.04963541666666664
110 0.9032233796296296 0.8968923611111113 0.04813078703703688 0.06618055555555528
102 0.44309027777777776 0.8795659722222222 0.04646412037037031 0.05204861111111114
137 0.9774580439814816 0.9034548611111111 0.04508391203703681 0.07881944444444429
130 0.6603877314814814 0.9040625 0.06936342592592588 0.0858680555555555