132 0.16765625 0.19566550925925924 0.054895833333333324 0.11523148148148148
145 0.7351736111111111 0.27663194444444444 0.11307291666666668 0.20236689814814818
177 0.06505208333333333 0.5714872685185185 0.07470486111111112 0.16302662037037052
57 0.7726478921875 0.5045784109375 0.7071618953125001 0.5050634921875 0.7101586703125 0.63991833125 0.7756446671874999 0.63943325 0.7726478921875 0.5045784109375
37 0.9144270833333333 0.5722280092592593 0.10621527777777758 0.2101273148148149
102 0.5675520833333334 0.5747974537037037 0.06385416666666668 0.13170138888888888
176 0.21993055555555557 0.5789351851851852 0.1003819444444444 0.1936805555555555
3 0.3965104166666667 0.5784085648148147 0.10864583333333337 0.2140509259259261
180 0.1427951388888889 0.0614525462962963 0.05934027777777775 0.1043287037037037
171 0.06022569444444444 0.3191377314814815 0.07579861111111111 0.14194444444444443
171 0.07236111111111113 0.8300694444444444 0.07427083333333333 0.14349537037037052