177 0.805506390625 0.1334070796875 0.8797050140625 0.1334070796875 0.8797050140625 0.0582566375 0.805506390625 0.0582566375 0.805506390625 0.1334070796875
55 0.26171875 0.1453125 0.09296875 0.06640625
136 0.5953125 0.15078125 0.06953125 0.06328125
95 0.728125 0.15234375 0.0734375 0.06875
109 0.8421875 0.18359375 0.05390625 0.06796875
171 0.9578125 0.21640625 0.071875 0.0640625
12 0.41328125 0.25 0.084375 0.0703125
59 0.50390625 0.2515625 0.0625 0.06640625
32 0.59453125 0.25234375 0.0765625 0.0671875
159 0.84296875 0.275 0.08671875 0.06328125
62 0.64375 0.3515625 0.06015625 0.0515625
137 0.56328125 0.35234375 0.06484375 0.0453125
102 0.38359375 0.45546875 0.05234375 0.03984375
65 0.2921875 0.459375 0.06875 0.04609375
181 0.5375 0.46015625 0.0609375 0.05546875
26 0.18984375 0.46015625 0.06875 0.05390625
95 0.409375 0.56015625 0.0609375 0.05078125
3 0.61875 0.56484375 0.05625 0.05546875
180 0.725 0.05859375 0.075 0.06875
171 0.90703125 0.8390625 0.0796875 0.07265625
87 0.8109375 0.8390625 0.059375 0.03515625
139 0.2015625 0.23046875 0.04765625 0.05
139 0.2515625 0.23046875 0.05234375 0.0515625
139 0.3046875 0.2296875 0.05390625 0.05
139 0.19921875 0.28203125 0.0515625 0.046875
139 0.25234375 0.2828125 0.04921875 0.04921875
139 0.303125 0.28125 0.0515625 0.04609375
139 0.2015625 0.33125 0.0515625 0.05
139 0.2546875 0.33203125 0.0515625 0.0515625
105 0.61953125 0.4578125 0.0546875 0.0484375
95 0.7140625 0.83828125 0.06015625 0.059375
152 0.2 0.63984375 0.0515625 0.04921875